16
24
30
48
57
88
111
114
137
137
139
145
150
153
156
161
199
215
219
222
226
226
233
235
238
244
246
264
289
304
320
320
326
334
350
362
383
387
402
415
429
438
444
467
485
489
492
501
528
529
536
540
551
557
566
569
580
615
616
634
656
658
671
676
678
687
702
702
705
714
722
733
738
744
750
751
752
790
803
819
826
839
839
871
873
881
884
885
891
904
946
968
981
989
999
1007
1015
1020
1032
1032
1050
1060
1071
1079
1081
1097
1105
1113
1124
1128
1130
1132
1134
1150
1188
1197
1224
1228
1230
1255
1260
1261
1262
1270
1278
1289
1301
1314
1345
1351
1354
1372
1382
1385
1388
1401
1414
1414
1426
1435
1454
1461
1461
1471
1478
1485
1514
1517
1518
1527
1530
1540
1547
1557
1567
1570
1585
1586
1590
1592
1615
1616
1625
1637
1638
1643
1678
1685
1699
1707
1707
1710
1713
1727
1749
1750
1775
1779
1780
1798
1807
1824
1838
1848
1864
1895
1898
1901
1905
1910
1935
1939
1944
1958
1958
1958
1959
1962
1963
1967
1974
1979
1993
2010
2030
2047
2057
2065
2080
2081
2095
2110
2117
2137
2142
2147
2164
2166
2166
2171
2180
2196
2237
2244
2248
2248
2253
2261
2274
2279
2288
2308
2313
2321
2323
2345
2346
2349
2355
2371
2381
2382
2383
2435
2445
2468
2472
2485
2490
2499
2511
2516
2564
2576
2582
2598
2605
2620
2620
2628
2635
2638
2640
2640
2652
2657
2660
2661
2665
2672
2677
2682
2690
2701
2709
2725
2727
2732
2743
2745
2766
2766
2776
2780
2790
2791
2806
2807
2838
2844
2852
2863
2868
2873
2876
2878
2890
2909
2921
2926
2935
2937
2939
2965
2971
2990
2991
2994
3014
3026
3029
3040
3055
3057
3059
3067
3078
3095
3107
3113
3118
3120
3127
3135
3139
3146
3147
3157
3163
3185
3197
3200
3207
3210
3248
3259
3266
3284
3290
3305
3330
3357
3358
3362
3384
3391
3398
3410
3422
3428
3432
3437
3441
3446
3461
3467
3475
3482
3488
3495
3495
3499
3499
3507
3530
3548
3554
3562
3576
3595
3606
3606
3615
3619
3624
3637
3646
3646
3650
3662
3671
3699
3710
3710
3715
3716
3718
3721
3722
3750
3750
3758
3765
3777
3787
3795
3797
3800
3805
3815
3817
3848
3870
3890
3894
3926
3931
3932
3936
3946
3951
3965
3971
3999
4002
4004
4008
4021
4052
4052
4056
4069
4074
4078
4087
4091
4093
4093
4097
4099
4113
4119
4119
4127
4134
4134
4141
4153
4180
4193
4204
4206
4208
4217
4230
4231
4243
4246
4259
4267
4295
4302
4307
4308
4319
4322
4332
4337
4337
4340
4344
4356
4356
4358
4363
4379
4380
4406
4415
4419
4421
4421
4425
4457
4484
4484
4495
4516
4521
4525
4533
4533
4535
4545
4545
4547
4549
4550
4594
4609
4610
4614
4619
4624
4638
4649
4657
4678
4696
4704
4725
4731
4732
4744
4746
4748
4796
4810
4825
4831
4833
4833
4840
4850
4867
4900
4914
4918
4919
4931
4943
4954
4963
4963
4964
4974
4982
5015
5042
5043
5047
5079
5082
5099
5107
5107
5112
5119
5128
5132
5138
5152
5156
5178
5180
5181
5193
5212
5236
5237
5275
5285
5292
5294
5336
5348
5358
5384
5388
5401
5406
5432
5433
5452
5460
5474
5478
5481
5486
5508
5533
5551
5563
5577
5601
5621
5621
5654
5667
5669
5679
5681
5693
5699
5703
5722
5731
5753
5769
5770
5773
5777
5787
5797
5812
5823
5823
5824
5833
5838
5870
5875
5882
5906
5911
5912
5928
5960
5967
5971
5974
5976
5990
6007
6008
6013
6015
6033
6058
6064
6073
6079
6084
6087
6087
6103
6107
6128
6128
6130
6145
6149
6156
6172
6172
6191
6206
6207
6228
6230
6235
6244
6257
6278
6278
6280
6282
6284
6300
6303
6305
6311
6314
6316
6323
6324
6325
6332
6334
6347
6388
6395
6406
6438
6440
6444
6460
6469
6497
6501
6506
6508
6532
6532
6539
6540
6558
6574
6576
6582
6595
6612
6613
6615
6630
6638
6640
6666
6668
6671
6674
6683
6684
6699
6704
6737
6752
6756
6761
6765
6781
6785
6787
6790
6801
6813
6830
6833
6838
6871
6881
6893
6893
6912
6917
6917
6941
6947
6976
6977
7001
7013
7045
7077
7105
7116
7123
7134
7143
7159
7168
7174
7175
7189
7195
7198
7200
7208
7211
7215
7219
7223
7225
7230
7235
7249
7268
7280
7281
7292
7300
7307
7308
7308
7319
7331
7333
7341
7359
7380
7381
7382
7382
7397
7400
7422
7423
7426
7428
7435
7459
7460
7465
7484
7499
7500
7515
7517
7526
7526
7531
7534
7546
7597
7630
7636
7638
7681
7682
7689
7702
7704
7708
7717
7751
7759
7762
7765
7787
7794
7800
7805
7809
7812
7825
7855
7860
7865
7869
7871
7887
7890
7905
7946
7946
7959
7960
7968
7968
7969
7969
7977
7978
7982
7984
8026
8027
8032
8043
8049
8092
8111
8112
8113
8122
8136
8148
8152
8171
8213
8214
8231
8242
8249
8264
8268
8277
8290
8301
8302
8328
8334
8344
8352
8353
8354
8354
8366
8368
8378
8400
8421
8441
8449
8457
8465
8470
8471
8472
8480
8505
8520
8522
8565
8572
8607
8621
8644
8670
8678
8683
8685
8686
8691
8707
8709
8722
8726
8746
8746
8747
8759
8767
8775
8788
8789
8796
8800
8812
8829
8839
8860
8869
8877
8887
8908
8915
8919
8964
8980
8983
8997
9032
9038
9070
9088
9100
9105
9121
9124
9155
9164
9177
9191
9204
9216
9219
9220
9222
9223
9228
9231
9232
9237
9255
9265
9270
9276
9278
9282
9306
9308
9328
9339
9343
9392
9400
9418
9436
9447
9464
9468
9470
9476
9501
9525
9533
9537
9538
9541
9541
9549
9555
9556
9574
9575
9576
9586
9587
9589
9597
9608
9629
9629
9633
9713
9721
9731
9744
9790
9833
9845
9852
9855
9862
9879
9885
9896
9900
9916
9923
9924
9925
9929
9931
9934
9944
9982
9993
10000
