4
12
15
24
24
30
33
33
59
62
92
95
124
129
133
137
151
154
166
208
214
226
238
241
252
259
269
300
304
317
324
325
337
345
421
448
455
461
484
485
490
492
500
510
521
535
540
565
567
574
596
604
610
617
639
640
643
644
653
681
699
699
708
715
716
725
728
746
759
782
801
802
822
838
861
870
897
899
936
938
939
951
955
957
957
964
994
997
1023
1028
1031
1033
1040
1042
1047
1050
1070
1072
1087
1088
1098
1099
1102
1120
1124
1134
1144
1147
1152
1152
1154
1156
1179
1187
1188
1191
1211
1222
1223
1245
1254
1287
1305
1311
1323
1337
1349
1360
1390
1397
1426
1432
1477
1486
1488
1489
1490
1511
1517
1523
1559
1560
1561
1572
1577
1585
1586
1591
1592
1608
1624
1637
1639
1639
1657
1686
1689
1704
1710
1716
1718
1724
1731
1735
1736
1739
1747
1755
1769
1772
1773
1774
1785
1786
1805
1831
1860
1861
1862
1862
1863
1866
1870
1888
1951
1953
1975
1990
2023
2042
2045
2047
2065
2067
2090
2092
2093
2104
2131
2142
2156
2161
2165
2171
2176
2183
2185
2186
2214
2228
2270
2275
2279
2286
2300
2300
2315
2316
2322
2324
2329
2348
2350
2358
2374
2389
2391
2396
2397
2399
2410
2411
2412
2413
2425
2451
2459
2462
2469
2477
2482
2492
2507
2538
2549
2550
2570
2579
2583
2614
2630
2662
2668
2678
2680
2689
2691
2700
2719
2725
2731
2743
2749
2753
2758
2764
2777
2784
2809
2815
2841
2853
2864
2881
2930
2931
2935
2941
2945
2952
2968
2971
2975
2987
3038
3041
3041
3046
3061
3070
3070
3072
3083
3086
3094
3100
3101
3163
3163
3174
3210
3215
3220
3223
3225
3228
3249
3252
3259
3260
3262
3281
3283
3302
3328
3346
3348
3370
3381
3385
3392
3413
3415
3418
3474
3489
3494
3498
3508
3521
3524
3529
3532
3558
3558
3562
3563
3589
3600
3606
3620
3632
3644
3647
3667
3680
3681
3683
3687
3695
3705
3709
3745
3748
3758
3760
3772
3776
3777
3781
3812
3813
3814
3816
3819
3831
3834
3850
3854
3857
3863
3866
3872
3876
3881
3882
3884
3891
3903
3913
3930
3932
3933
3937
3951
3963
3970
3992
3995
4011
4011
4014
4015
4045
4049
4049
4050
4056
4066
4072
4079
4090
4126
4133
4137
4138
4141
4174
4181
4181
4197
4210
4223
4223
4224
4235
4236
4240
4249
4262
4269
4285
4285
4307
4310
4314
4319
4346
4347
4351
4351
4359
4360
4362
4372
4379
4392
4399
4414
4426
4448
4456
4462
4462
4479
4495
4517
4538
4569
4569
4572
4577
4579
4617
4622
4631
4631
4655
4663
4678
4681
4690
4744
4758
4758
4759
4764
4780
4782
4809
4824
4843
4858
4881
4889
4894
4915
4920
4931
4947
4948
4952
4962
4966
4966
4998
5005
5016
5021
5058
5067
5085
5086
5102
5109
5109
5116
5130
5135
5155
5156
5160
5165
5182
5193
5211
5233
5244
5268
5271
5273
5302
5341
5364
5380
5394
5397
5433
5439
5446
5453
5458
5460
5468
5468
5504
5507
5524
5526
5542
5563
5574
5579
5582
5603
5626
5634
5639
5652
5663
5677
5685
5690
5702
5707
5714
5729
5753
5753
5771
5774
5777
5777
5785
5794
5813
5837
5837
5840
5840
5847
5849
5852
5856
5857
5861
5863
5887
5890
5891
5892
5903
5905
5911
5916
5937
5940
5943
5948
5951
5956
5957
5957
5962
5966
5977
5979
6021
6022
6044
6051
6055
6061
6070
6096
6108
6115
6117
6119
6125
6126
6136
6145
6145
6150
6151
6158
6213
6239
6241
6248
6256
6269
6319
6320
6323
6333
6344
6356
6362
6372
6378
6386
6393
6421
6442
6450
6452
6475
6478
6484
6496
6496
6499
6501
6503
6507
6517
6532
6557
6558
6563
6568
6570
6575
6583
6589
6590
6607
6614
6617
6641
6651
6653
6665
6711
6726
6729
6740
6741
6751
6752
6754
6780
6790
6800
6808
6810
6819
6820
6839
6843
6857
6861
6863
6870
6872
6893
6904
6905
6911
6933
6934
6936
6937
6938
6959
6964
6969
6973
6981
6981
6994
6995
6996
7010
7016
7029
7052
7064
7076
7094
7096
7126
7135
7140
7147
7153
7154
7175
7206
7209
7222
7244
7247
7250
7254
7260
7281
7289
7296
7325
7338
7344
7347
7351
7379
7379
7383
7386
7387
7393
7402
7405
7405
7406
7407
7408
7433
7473
7479
7494
7500
7526
7528
7551
7560
7569
7580
7603
7610
7615
7659
7661
7662
7689
7689
7690
7691
7694
7694
7703
7706
7716
7733
7740
7744
7751
7752
7758
7775
7779
7785
7819
7830
7831
7836
7845
7866
7871
7888
7890
7893
7896
7922
7924
7927
7931
7933
7937
7941
7950
7960
7970
7979
7980
7982
8016
8029
8030
8038
8039
8042
8044
8069
8077
8081
8083
8084
8088
8113
8143
8159
8171
8187
8187
8188
8197
8201
8207
8209
8219
8224
8229
8243
8246
8254
8292
8304
8308
8311
8317
8322
8323
8365
8373
8375
8376
8385
8398
8404
8415
8416
8418
8429
8429
8433
8450
8456
8460
8470
8475
8475
8483
8485
8486
8487
8500
8507
8509
8526
8538
8543
8568
8583
8600
8605
8609
8610
8618
8619
8620
8622
8632
8640
8649
8669
8674
8685
8685
8688
8692
8709
8729
8732
8752
8756
8757
8759
8770
8775
8809
8830
8831
8847
8873
8881
8894
8900
8913
8919
8934
8935
8937
8947
8981
8984
8998
9056
9066
9083
9139
9140
9140
9154
9155
9161
9170
9190
9194
9197
9198
9202
9204
9224
9267
9272
9300
9301
9305
9305
9319
9322
9327
9353
9355
9356
9386
9401
9404
9404
9407
9413
9417
9427
9428
9470
9476
9496
9566
9572
9583
9588
9590
9599
9600
9602
9622
9633
9642
9688
9688
9690
9696
9727
9730
9735
9741
9754
9768
9770
9782
9787
9793
9804
9818
9844
9881
9889
9891
9897
9906
9909
9920
9928
9933
9941
9944
10003
10039
10074
10093
10122
10125
10127
10166
10193
10193
10208
10219
10227
10232
10232
10238
10239
10245
10257
10261
10277
10281
10293
10299
10306
10318
10319
10357
10374
10385
10395
10397
10397
10401
10407
10425
10425
10427
10427
10427
10451
10512
10514
10515
10516
10520
10525
10534
10558
10559
10568
10573
10588
10610
10611
10623
10629
10645
10650
10663
10663
10684
10690
10705
10718
10733
10733
10741
10748
10754
10765
10771
10773
10775
10786
10788
10800
10809
10814
10844
10851
10854
10854
10862
10876
10880
10932
10945
10952
10959
10979
10988
10995
11004
11005
11008
11009
11036
11062
11080
11109
11110
11144
11146
11150
11151
11154
11157
11157
11163
11171
11180
11181
11215
11230
11231
11232
11240
11250
11278
11281
11287
11297
11300
11301
11331
11336
11341
11350
11351
11360
11363
11371
11373
11382
11389
11409
11411
11415
11423
11425
11427
11435
11436
11436
11466
11486
11492
11501
11523
11531
11540
11543
11552
11554
11610
11612
11613
11617
11618
11633
11649
11658
11663
11667
11670
11672
11679
11683
11685
11690
11694
11701
11715
11743
11771
11780
11796
11801
11805
11809
11834
11835
11840
11853
11862
11877
11881
11889
11920
11929
11933
11972
11981
12006
12008
12033
12066
12074
12094
12106
12107
12112
12120
12125
12126
12131
12143
12158
12169
12172
12176
12176
12180
12194
12194
12220
12231
12263
12274
12274
12299
12303
12311
12323
12327
12331
12350
12366
12366
12389
12397
12405
12420
12433
12445
12449
12465
12473
12476
12477
12491
12493
12504
12531
12547
12548
12583
12603
12606
12622
12640
12647
12658
12661
12668
12677
12697
12712
12721
12752
12755
12767
12797
12801
12806
12812
12835
12838
12838
12844
12853
12856
12869
12879
12883
12890
12918
12930
12941
12945
12963
12968
12992
12993
13004
13011
13011
13017
13026
13059
13064
13070
13090
13090
13100
13124
13133
13153
13154
13170
13176
13187
13195
13202
13204
13221
13235
13258
13262
13272
13273
13274
13283
13285
13289
13297
13297
13303
13309
13318
13331
13349
13356
13380
13383
13387
13398
13403
13417
13418
13424
13427
13438
13442
13454
13471
13489
13491
13495
13502
13508
13544
13556
13558
13560
13579
13586
13590
13601
13609
13614
13638
13640
13662
13670
13673
13675
13682
13702
13717
13748
13749
13759
13759
13770
13789
13823
13829
13845
13854
13870
13884
13890
13908
13943
13950
13952
13954
13956
13970
13996
13996
14007
14018
14020
14045
14057
14071
14081
14087
14094
14115
14123
14130
14173
14183
14202
14203
14215
14220
14235
14235
14240
14245
14253
14258
14272
14273
14295
14303
14312
14313
14320
14325
14347
14351
14357
14373
14376
14377
14382
14382
14401
14417
14432
14440
14455
14462
14475
14477
14487
14497
14504
14521
14528
14532
14541
14566
14566
14572
14576
14584
14589
14611
14622
14637
14639
14643
14653
14657
14657
14665
14676
14679
14698
14703
14713
14724
14732
14732
14739
14747
14779
14816
14843
14853
14855
14893
14896
14907
14910
14911
14921
14923
14933
14944
14957
14965
14968
14979
14988
14992
15009
15010
15032
15033
15039
15040
15040
15051
15055
15060
15073
15075
15080
15088
15098
15144
15174
15175
15193
15193
15195
15196
15197
15205
15220
15226
15227
15232
15245
15252
15265
15267
15268
15285
15295
15299
15299
15345
15346
15348
15349
15356
15359
15402
15431
15432
15438
15443
15457
15458
15460
15461
15465
15467
15468
15470
15472
15486
15498
15502
15507
15515
15516
15556
15558
15595
15605
15608
15609
15621
15624
15627
15633
15634
15641
15641
15661
15661
15678
15682
15693
15699
15705
15722
15723
15735
15742
15744
15758
15766
15774
15795
15811
15813
15829
15835
15853
15865
15872
15874
15885
15906
15907
15916
15922
15928
15934
15939
15943
15957
15971
15978
15983
15984
16030
16053
16085
16102
16102
16106
16109
16110
16111
16123
16131
16153
16176
16184
16186
16187
16208
16223
16230
16232
16251
16256
16256
16265
16274
16275
16276
16283
16306
16311
16312
16321
16342
16352
16371
16377
16378
16387
16390
16423
16443
16444
16451
16475
16483
16507
16524
16530
16533
16540
16545
16567
16574
16588
16590
16602
16606
16614
16634
16669
16684
16701
16703
16713
16713
16723
16727
16735
16736
16747
16748
16758
16759
16761
16762
16764
16814
16816
16817
16832
16842
16847
16848
16851
16873
16887
16943
16954
16965
16980
16983
16990
17016
17020
17028
17042
17052
17055
17060
17066
17071
17071
17088
17090
17094
17101
17106
17125
17132
17133
17138
17159
17172
17175
17178
17182
17185
17187
17195
17208
17244
17246
17253
17256
17270
17283
17284
17287
17302
17305
17324
17354
17356
17365
17368
17368
17391
17395
17399
17407
17420
17429
17434
17442
17465
17474
17486
17513
17528
17533
17542
17559
17560
17574
17575
17590
17592
17626
17633
17641
17648
17649
17649
17653
17655
17657
17668
17669
17677
17692
17697
17698
17705
17714
17714
17714
17721
17724
17732
17762
17772
17788
17790
17790
17791
17797
17824
17824
17827
17828
17848
17850
17852
17862
17866
17876
17882
17891
17899
17905
17912
17914
17924
17935
17943
17944
17949
17950
17950
17972
17976
17988
18011
18028
18031
18042
18051
18053
18057
18068
18072
18083
18086
18092
18124
18128
18143
18146
18146
18149
18149
18152
18172
18173
18178
18183
18203
18207
18211
18224
18235
18238
18250
18251
18256
18261
18273
18275
18295
18297
18297
18316
18335
18343
18345
18350
18359
18388
18396
18419
18426
18435
18445
18463
18463
18478
18481
18517
18542
18555
18559
18563
18595
18599
18613
18614
18619
18630
18635
18642
18644
18654
18674
18684
18690
18694
18710
18711
18716
18729
18735
18769
18785
18794
18798
18817
18817
18822
18830
18833
18834
18835
18837
18848
18878
18889
18897
18897
18910
18928
18929
18941
18960
18972
18972
18974
18998
19002
19008
19012
19014
19031
19033
19034
19040
19060
19066
19069
19078
19090
19116
19120
19128
19134
19150
19164
19173
19179
19192
19192
19213
19224
19238
19249
19261
19264
19285
19286
19301
19303
19304
19314
19319
19320
19325
19341
19366
19371
19375
19378
19409
19424
19429
19435
19436
19450
19452
19457
19460
19476
19485
19487
19487
19492
19517
19532
19532
19548
19552
19574
19582
19594
19621
19623
19627
19647
19654
19656
19662
19664
19681
19687
19696
19709
19714
19723
19724
19732
19750
19764
19766
19767
19798
19802
19840
19842
19860
19882
19899
19925
19931
19943
19965
19965
19969
19977
19984
19985
19994
19994
20010
20028
20032
20038
20038
20056
20063
20071
20073
20083
20100
20104
20123
20126
20145
20153
20153
20161
20198
20201
20202
20241
20242
20247
20254
20287
20296
20300
20306
20310
20321
20338
20342
20343
20351
20377
20388
20393
20420
20421
20429
20437
20453
20456
20472
20493
20506
20509
20513
20532
20536
20553
20565
20566
20571
20572
20585
20612
20612
20622
20626
20633
20633
20636
20641
20721
20726
20730
20753
20770
20789
20803
20822
20829
20834
20837
20847
20872
20890
20907
20916
20927
20932
20937
20938
20960
20967
20980
20985
20989
20989
20991
21024
21024
21028
21036
21038
21045
21047
21050
21055
21062
21073
21098
21110
21132
21139
21174
21182
21195
21241
21260
21268
21291
21293
21297
21304
21313
21315
21318
21344
21349
21374
21374
21377
21383
21404
21418
21420
21422
21427
21440
21446
21455
21463
21486
21487
21487
21498
21511
21536
21543
21544
21547
21547
21552
21569
21576
21601
21619
21631
21654
21659
21676
21684
21704
21704
21712
21723
21725
21726
21727
21740
21743
21753
21755
21762
21777
21780
21783
21807
21813
21813
21832
21838
21840
21853
21864
21867
21871
21878
21894
21904
21904
21910
21913
21918
21922
21930
21934
21942
21944
21946
21951
21960
21979
21980
21984
21993
22008
22026
22027
22033
22038
22061
22064
22076
22103
22105
22112
22116
22129
22133
22134
22141
22159
22163
22175
22175
22180
22182
22186
22187
22189
22205
22219
22225
22233
22247
22248
22250
22252
22260
22260
22268
22269
22276
22282
22284
22291
22306
22307
22307
22337
22338
22339
22388
22391
22407
22411
22415
22421
22442
22467
22469
22473
22490
22495
22500
22505
22518
22542
22571
22572
22579
22592
22598
22606
22640
22652
22660
22665
22675
22704
22712
22714
22751
22762
22765
22775
22785
22789
22806
22809
22826
22829
22836
22836
22855
22864
22866
22882
22894
22903
22907
22932
22937
22964
22971
22983
22988
23011
23027
23062
23069
23070
23084
23098
23102
23106
23106
23127
23133
23161
23168
23171
23178
23179
23183
23188
23192
23202
23206
23213
23219
23226
23242
23252
23259
23279
23285
23319
23321
23335
23338
23350
23352
23360
23361
23370
23371
23393
23397
23407
23408
23409
23415
23423
23429
23430
23432
23440
23442
23452
23454
23454
23459
23497
23499
23511
23520
23527
23544
23569
23570
23573
23595
23620
23632
23653
23653
23660
23667
23670
23674
23696
23696
23698
23701
23728
23737
23739
23743
23750
23770
23777
23784
23784
23785
23798
23798
23800
23809
23813
23822
23829
23835
23846
23850
23855
23857
23875
23887
23910
23914
23928
23930
23933
23935
23939
23951
23962
24011
24035
24041
24071
24083
24084
24100
24101
24106
24115
24140
24153
24154
24155
24166
24168
24179
24193
24193
24199
24204
24212
24221
24225
24239
24246
24248
24270
24274
24281
24283
24292
24297
24299
24309
24315
24321
24331
24340
24383
24400
24406
24411
24416
24417
24423
24426
24443
24460
24473
24474
24494
24496
24502
24518
24524
24563
24564
24565
24580
24582
24589
24595
24596
24600
24600
24609
24614
24616
24624
24645
24656
24659
24667
24697
24715
24718
24729
24742
24743
24748
24758
24764
24765
24774
24795
24795
24799
24802
24804
24812
24813
24829
24851
24851
24858
24864
24868
24888
24900
24901
24909
24913
24914
24930
24931
24937
24952
24972
24976
24995
25003
25018
25029
25035
25049
25060
25061
25064
25069
25085
25089
25093
25098
25109
25142
25146
25178
25179
25180
25203
25211
25229
25231
25236
25270
25289
25290
25304
25310
25314
25344
25355
25357
25361
25369
25370
25372
25380
25381
25382
25384
25386
25387
25395
25405
25413
25436
25439
25442
25442
25444
25468
25489
25511
25513
25514
25514
25517
25531
25545
25550
25550
25571
25588
25591
25598
25602
25608
25630
25642
25663
25671
25674
25681
25708
25714
25722
25723
25724
25731
25732
25735
25752
25757
25757
25758
25764
25773
25779
25779
25794
25831
25832
25836
25840
25842
25850
25857
25864
25883
25891
25895
25910
25980
25996
25997
26039
26067
26072
26078
26083
26089
26096
26105
26117
26127
26128
26131
26139
26140
26155
26158
26160
26165
26184
26195
26200
26215
26218
26225
26233
26235
26255
26255
26256
26270
26300
26326
26337
26339
26361
26363
26370
26370
26371
26375
26397
26419
26432
26432
26437
26450
26477
26478
26497
26507
26507
26511
26524
26524
26526
26531
26533
26534
26543
26551
26552
26561
26562
26577
26580
26581
26591
26592
26641
26647
26649
26652
26657
26658
26660
26661
26664
26681
26684
26685
26686
26690
26690
26692
26692
26703
26704
26735
26750
26751
26772
26785
26788
26791
26793
26796
26808
26832
26838
26850
26871
26872
26878
26880
26889
26900
26901
26905
26908
26908
26924
26928
26932
26934
26935
26949
26961
26966
26992
26995
27004
27023
27027
27043
27048
27049
27054
27083
27090
27091
27110
27123
27129
27134
27136
27167
27173
27185
27199
27202
27207
27227
27238
27262
27270
27303
27306
27324
27353
27365
27373
27403
27413
27417
27445
27457
27474
27479
27482
27488
27492
27506
27526
27544
27553
27555
27567
27576
27585
27621
27623
27627
27637
27639
27654
27677
27697
27699
27714
27738
27741
27750
27762
27806
27820
27821
27824
27838
27860
27869
27887
27922
27923
27924
27930
27935
27937
27940
27950
27956
27962
27972
27972
27972
27975
27986
27999
28007
28009
28041
28045
28054
28060
28061
28061
28075
28091
28099
28109
28137
28173
28184
28208
28237
28285
28290
28308
28329
28331
28336
28358
28378
28380
28395
28415
28418
28436
28436
28439
28473
28480
28490
28504
28522
28524
28529
28534
28540
28544
28552
28558
28561
28564
28568
28576
28589
28605
28633
28644
28650
28652
28657
28675
28691
28692
28693
28728
28733
28747
28751
28751
28769
28779
28799
28814
28818
28831
28850
28855
28867
28884
28890
28895
28897
28899
28917
28927
28930
28947
28954
28957
28966
28979
28997
29007
29031
29045
29066
29083
29093
29104
29107
29115
29116
29124
29124
29129
29142
29144
29154
29179
29215
29218
29231
29232
29246
29251
29253
29260
29301
29301
29315
29338
29347
29357
29358
29368
29375
29395
29430
29442
29496
29529
29534
29541
29546
29548
29557
29558
29567
29615
29630
29645
29645
29657
29667
29667
29679
29686
29689
29713
29714
29716
29725
29742
29746
29758
29767
29769
29778
29780
29823
29826
29851
29863
29863
29869
29873
29884
29905
29906
29940
29956
29975
29999
30001
30033
30038
30061
30062
30071
30074
30078
30081
30104
30111
30130
30138
30141
30144
30151
30155
30156
30160
30165
30165
30188
30195
30200
30229
30229
30231
30232
30235
30246
30250
30260
30261
30275
30276
30277
30277
30282
30292
30327
30332
30332
30342
30347
30370
30384
30388
30401
30409
30421
30429
30446
30526
30531
30533
30540
30546
30547
30568
30572
30596
30599
30601
30622
30638
30652
30658
30659
30688
30699
30710
30715
30729
30733
30746
30782
30784
30792
30820
30827
30831
30835
30836
30842
30851
30852
30864
30877
30920
30925
30948
30967
30970
30973
30975
30978
30984
31001
31033
31038
31042
31057
31104
31106
31115
31125
31130
31137
31144
31159
31170
31170
31178
31183
31198
31201
31203
31226
31244
31246
31251
31257
31259
31265
31269
31278
31302
31310
31331
31333
31356
31366
31372
31376
31379
31380
31382
31389
31389
31390
31395
31397
31398
31417
31429
31430
31432
31432
31440
31453
31466
31466
31472
31476
31480
31520
31529
31539
31543
31549
31563
31584
31631
31637
31648
31656
31660
31668
31671
31678
31681
31685
31745
31746
31755
31761
31761
31779
31819
31828
31847
31855
31858
31860
31864
31865
31868
31885
31886
31892
31894
31919
31937
31948
31954
31957
31958
31968
31985
31990
32000
32028
32032
32039
32051
32062
32071
32072
32075
32078
32090
32097
32109
32112
32116
32135
32147
32157
32158
32162
32162
32168
32181
32193
32198
32199
32204
32205
32216
32222
32236
32238
32240
32279
32285
32290
32302
32344
32353
32359
32368
32369
32370
32377
32400
32413
32418
32456
32471
32473
32483
32515
32543
32551
32554
32556
32566
32578
32597
32609
32643
32649
32655
32670
32674
32675
32676
32680
32681
32700
32713
32715
32717
32719
32724
32724
32735
32743
32748
32750
32757
32782
32792
32797
32797
32801
32815
32828
32845
32850
32857
32863
32875
32887
32919
32923
32932
32951
32957
32965
32967
32983
32990
33013
33023
33037
33042
33045
33055
33055
33062
33067
33075
33075
33082
33085
33086
33088
33100
33102
33107
33108
33114
33118
33122
33122
33133
33139
33179
33180
33194
33203
33216
33218
33233
33277
33292
33310
33318
33335
33339
33342
33352
33367
33373
33380
33380
33385
33404
33413
33418
33462
33465
33502
33510
33517
33531
33534
33545
33546
33551
33553
33560
33575
33577
33591
33595
33621
33637
33655
33660
33663
33673
33675
33679
33682
33684
33685
33685
33693
33695
33707
33718
33723
33728
33733
33743
33757
33765
33779
33789
33800
33815
33830
33842
33847
33850
33853
33855
33856
33863
33872
33876
33883
33900
33923
33931
33937
33943
33946
33952
33958
33991
33994
33996
34007
34027
34059
34065
34081
34097
34146
34155
34156
34162
34178
34185
34201
34217
34231
34241
34250
34252
34254
34255
34257
34261
34273
34273
34282
34286
34311
34332
34333
34350
34355
34361
34362
34378
34383
34390
34394
34401
34402
34404
34411
34420
34432
34432
34454
34460
34474
34487
34501
34513
34536
34542
34569
34572
34595
34615
34617
34628
34632
34641
34653
34657
34658
34679
34679
34686
34698
34710
34722
34725
34735
34753
34767
34776
34780
34781
34785
34802
34802
34804
34809
34815
34816
34819
34837
34843
34847
34848
34858
34863
34874
34877
34908
34927
34952
34957
34960
34975
34980
34984
34984
34990
34998
35016
35024
35026
35029
35069
35073
35075
35112
35118
35148
35149
35155
35159
35165
35170
35177
35183
35190
35204
35212
35223
35231
35234
35248
35250
35267
35278
35287
35307
35330
35334
35345
35352
35360
35362
35397
35402
35428
35432
35440
35440
35444
35456
35458
35472
35473
35515
35524
35530
35534
35537
35549
35550
35567
35572
35580
35593
35597
35619
35627
35629
35652
35664
35666
35677
35691
35705
35727
35735
35760
35767
35767
35775
35778
35779
35780
35787
35802
35805
35837
35848
35878
35899
35910
35915
35923
35931
35935
35945
35949
35956
35967
35968
35985
35994
35996
36013
36017
36042
36058
36059
36071
36076
36081
36093
36107
36115
36123
36144
36150
36156
36156
36172
36177
36198
36199
36209
36218
36225
36228
36231
36240
36256
36257
36261
36269
36276
36280
36289
36297
36302
36303
36311
36313
36316
36324
36347
36349
36353
36356
36356
36362
36366
36374
36388
36392
36435
36440
36444
36449
36459
36478
36527
36553
36555
36559
36567
36572
36584
36584
36595
36599
36659
36663
36663
36664
36675
36700
36723
36730
36739
36751
36784
36793
36802
36808
36830
36835
36841
36859
36868
36870
36876
36878
36920
36929
36964
36965
36985
36999
37013
37021
37026
37032
37035
37039
37042
37044
37049
37060
37071
37073
37083
37110
37129
37132
37158
37163
37191
37206
37213
37216
37224
37228
37236
37245
37251
37256
37261
37263
37278
37279
37295
37314
37366
37367
37369
37372
37405
37416
37424
37425
37438
37459
37470
37472
37473
37484
37510
37511
37516
37522
37532
37544
37546
37548
37561
37565
37572
37575
37590
37605
37624
37630
37657
37665
37691
37715
37722
37723
37727
37733
37739
37740
37749
37764
37768
37778
37802
37810
37810
37859
37859
37880
37887
37888
37900
37936
37939
37945
37955
37959
37966
37971
37979
37988
37989
37996
38006
38018
38024
38033
38035
38068
38072
38079
38080
38082
38087
38088
38097
38115
38118
38119
38138
38144
38147
38157
38160
38164
38189
38206
38210
38216
38223
38228
38234
38263
38271
38289
38311
38323
38324
38325
38347
38353
38381
38386
38396
38402
38432
38451
38468
38469
38477
38506
38508
38525
38560
38565
38566
38606
38607
38609
38623
38623
38633
38633
38637
38641
38655
38679
38681
38713
38721
38721
38743
38752
38756
38760
38764
38768
38771
38790
38791
38804
38807
38813
38817
38850
38853
38860
38879
38881
38907
38917
38932
38951
38961
38975
38986
38991
38994
39000
39004
39006
39017
39031
39035
39050
39053
39065
39069
39069
39080
39085
39094
39113
39114
39125
39128
39131
39141
39175
39184
39203
39223
39223
39227
39236
39255
39261
39268
39272
39291
39295
39299
39302
39304
39329
39360
39403
39440
39440
39447
39451
39456
39465
39469
39475
39478
39481
39492
39515
39520
39530
39539
39545
39547
39549
39568
39577
39596
39602
39618
39626
39654
39666
39667
39683
39710
39729
39744
39746
39749
39749
39765
39767
39767
39774
39781
39792
39808
39816
39852
39872
39876
39876
39887
39893
39938
39951
39968
40023
40025
40033
40051
40063
40067
40079
40092
40106
40114
40123
40128
40147
40150
40159
40161
40169
40190
40197
40198
40211
40217
40223
40233
40308
40343
40348
40355
40377
40386
40402
40415
40424
40425
40436
40440
40447
40449
40458
40502
40503
40510
40510
40512
40537
40538
40549
40577
40597
40601
40614
40622
40657
40670
40711
40725
40730
40738
40742
40743
40746
40760
40786
40786
40789
40791
40799
40808
40810
40822
40838
40840
40844
40847
40852
40869
40880
40881
40886
40886
40894
40898
40898
40938
40952
40965
40981
40991
40993
41001
41015
41017
41043
41070
41090
41090
41117
41126
41132
41140
41145
41165
41182
41184
41188
41202
41209
41213
41246
41246
41248
41271
41277
41297
41302
41302
41308
41314
41322
41323
41325
41331
41335
41342
41388
41391
41393
41401
41404
41414
41419
41421
41421
41426
41454
41462
41480
41484
41494
41507
41519
41539
41544
41545
41564
41583
41588
41602
41608
41621
41621
41622
41645
41646
41667
41668
41673
41674
41676
41680
41685
41717
41721
41759
41766
41788
41807
41829
41832
41835
41853
41868
41870
41875
41885
41891
41892
41895
41917
41929
41931
41950
41963
41978
41979
41981
41982
41994
42003
42004
42008
42010
42010
42019
42035
42044
42053
42057
42058
42062
42063
42064
42090
42101
42142
42158
42201
42205
42221
42231
42255
42278
42307
42312
42353
42358
42359
42365
42391
42400
42415
42443
42450
42451
42455
42465
42471
42472
42477
42481
42482
42487
42495
42506
42522
42531
42555
42556
42558
42564
42568
42587
42623
42627
42628
42634
42651
42653
42684
42690
42699
42709
42715
42721
42722
42728
42728
42728
42733
42733
42734
42739
42747
42763
42775
42777
42790
42813
42824
42834
42839
42839
42846
42846
42854
42860
42868
42887
42893
42894
42902
42914
42930
42946
42950
42975
42976
42985
43009
43011
43026
43029
43030
43054
43057
43082
43093
43096
43096
43096
43127
43129
43131
43133
43149
43157
43160
43161
43169
43180
43203
43205
43214
43230
43243
43244
43270
43273
43276
43282
43286
43290
43310
43316
43319
43321
43326
43328
43339
43349
43357
43371
43371
43375
43391
43392
43402
43403
43412
43416
43422
43442
43451
43453
43462
43465
43469
43470
43472
43480
43498
43498
43501
43526
43530
43535
43558
43567
43568
43582
43596
43597
43604
43644
43649
43654
43654
43656
43658
43659
43672
43677
43678
43680
43687
43688
43696
43715
43721
43753
43754
43759
43776
43782
43815
43842
43866
43872
43884
43892
43896
43897
43900
43903
43903
43908
43934
43958
43963
43979
43988
43998
44005
44005
44010
44017
44026
44038
44046
44056
44058
44063
44071
44078
44082
44088
44148
44150
44150
44152
44162
44163
44164
44173
44230
44240
44251
44271
44279
44280
44285
44289
44300
44310
44312
44327
44328
44362
44370
44374
44377
44402
44405
44406
44409
44424
44435
44464
44470
44473
44518
44519
44527
44537
44542
44551
44558
44568
44577
44593
44595
44621
44630
44637
44669
44683
44688
44689
44706
44727
44745
44748
44748
44748
44772
44785
44804
44808
44821
44840
44851
44867
44870
44894
44901
44916
44927
44948
44953
44955
44966
44968
44992
45007
45019
45021
45031
45036
45047
45073
45075
45120
45123
45128
45136
45139
45140
45171
45189
45194
45202
45205
45217
45244
45261
45263
45284
45289
45322
45332
45337
45345
45348
45355
45367
45378
45392
45398
45459
45469
45469
45484
45493
45494
45496
45502
45508
45510
45529
45534
45539
45542
45563
45579
45582
45586
45592
45609
45620
45620
45625
45647
45652
45656
45676
45679
45691
45696
45734
45735
45759
45775
45778
45788
45812
45821
45835
45840
45856
45858
45867
45891
45892
45909
45913
45913
45917
45923
45931
45932
45935
45935
45949
45960
45969
45970
45976
45980
45988
45993
45993
46011
46033
46050
46051
46052
46070
46075
46080
46110
46110
46115
46119
46120
46121
46143
46161
46165
46168
46173
46175
46199
46202
46209
46226
46228
46230
46240
46285
46286
46307
46341
46343
46344
46363
46369
46396
46404
46407
46415
46418
46431
46458
46458
46476
46482
46492
46493
46505
46518
46528
46531
46540
46541
46549
46558
46581
46629
46635
46638
46642
46647
46654
46667
46674
46677
46677
46682
46686
46703
46706
46723
46725
46734
46746
46772
46817
46851
46853
46854
46873
46882
46889
46895
46904
46917
46923
46930
46932
46932
46932
46936
46961
46964
46976
46990
46997
47029
47032
47035
47047
47051
47066
47068
47098
47104
47107
47118
47120
47123
47156
47158
47181
47183
47197
47200
47203
47206
47208
47223
47274
47275
47277
47287
47299
47321
47322
47348
47377
47390
47397
47402
47413
47418
47424
47445
47455
47457
47465
47470
47472
47479
47481
47489
47495
47495
47497
47498
47501
47502
47523
47530
47536
47551
47555
47581
47586
47587
47590
47595
47633
47634
47701
47709
47733
47734
47763
47780
47786
47787
47807
47815
47840
47843
47846
47847
47863
47868
47869
47871
47877
47894
47898
47910
47923
47923
47926
47939
47944
47954
47969
47979
47980
47983
47995
47996
48019
48022
48029
48043
48047
48056
48071
48076
48080
48102
48120
48131
48139
48159
48160
48190
48191
48199
48216
48225
48229
48229
48229
48231
48237
48240
48243
48251
48261
48266
48267
48271
48273
48286
48308
48311
48316
48332
48340
48363
48364
48364
48368
48370
48382
48384
48388
48389
48432
48436
48448
48449
48464
48477
48499
48508
48520
48522
48534
48546
48554
48559
48560
48563
48589
48594
48602
48607
48613
48622
48628
48642
48666
48669
48674
48680
48712
48728
48739
48748
48751
48755
48765
48768
48790
48791
48793
48795
48805
48813
48842
48853
48855
48857
48859
48861
48880
48896
48900
48902
48904
48913
48919
48919
48924
48930
48958
48965
48981
48995
49003
49020
49041
49047
49081
49095
49109
49112
49119
49120
49128
49159
49171
49175
49192
49193
49207
49213
49223
49238
49244
49251
49275
49284
49291
49298
49300
49300
49314
49320
49327
49344
49351
49351
49357
49367
49370
49372
49378
49413
49421
49431
49434
49442
49460
49460
49473
49477
49479
49480
49491
49507
49513
49514
49516
49535
49543
49565
49566
49568
49583
49587
49589
49589
49589
49591
49599
49614
49633
49635
49636
49639
49646
49646
49672
49677
49713
49730
49749
49772
49782
49783
49797
49799
49809
49820
49832
49837
49856
49867
49871
49876
49878
49893
49916
49931
49954
49970
49982
49984
49996
49997
49998
49998
