7
10
12
14
16
17
63
72
80
92
100
102
108
115
126
128
132
133
141
154
156
204
208
211
213
222
224
238
249
249
254
261
293
293
320
331
332
337
345
360
365
374
382
390
427
438
442
447
454
462
465
466
468
487
503
511
515
544
556
573
592
600
605
606
616
628
629
642
660
682
696
705
717
717
723
725
735
747
788
805
813
815
826
828
829
852
866
870
878
902
909
913
923
926
931
949
963
963
969
999
1000
1005
1009
1018
1028
1083
1091
1094
1100
1101
1114
1123
1125
1125
1133
1147
1149
1150
1222
1227
1229
1231
1259
1260
1272
1278
1280
1293
1302
1306
1315
1346
1347
1360
1377
1404
1421
1425
1426
1429
1435
1440
1446
1447
1454
1457
1469
1480
1504
1527
1535
1545
1546
1557
1592
1595
1606
1606
1626
1626
1633
1645
1655
1701
1714
1717
1718
1737
1744
1749
1767
1792
1795
1805
1817
1818
1823
1826
1828
1832
1833
1834
1869
1877
1881
1886
1887
1891
1892
1898
1924
1925
1927
1940
1960
1968
1974
1989
1995
1997
2003
2012
2033
2044
2054
2057
2082
2089
2096
2100
2129
2131
2135
2141
2142
2143
2148
2153
2174
2179
2184
2187
2188
2196
2203
2209
2217
2227
2234
2241
2248
2272
2278
2286
2297
2305
2307
2310
2347
2349
2356
2372
2381
2383
2389
2392
2407
2410
2416
2418
2425
2430
2434
2437
2440
2452
2453
2475
2477
2487
2490
2495
2497
2502
2509
2532
2544
2547
2551
2564
2567
2579
2586
2605
2614
2623
2628
2652
2655
2655
2656
2664
2689
2707
2712
2715
2721
2725
2756
2769
2799
2806
2809
2809
2810
2828
2829
2838
2855
2856
2861
2872
2894
2896
2899
2913
2933
2934
2934
2942
2964
2979
2993
2994
3008
3016
3017
3022
3025
3028
3034
3066
3072
3076
3116
3139
3140
3143
3143
3166
3182
3234
3240
3254
3259
3265
3268
3269
3272
3285
3286
3311
3315
3338
3349
3364
3367
3375
3375
3385
3388
3390
3391
3405
3406
3434
3435
3435
3435
3444
3450
3454
3476
3484
3488
3502
3519
3527
3528
3539
3540
3549
3550
3562
3563
3579
3592
3614
3620
3620
3650
3658
3667
3673
3692
3694
3694
3694
3729
3745
3751
3770
3772
3773
3780
3784
3785
3797
3813
3813
3819
3831
3838
3850
3853
3864
3867
3874
3894
3900
3904
3925
3950
3951
3969
3983
3986
4003
4010
4019
4049
4068
4071
4072
4079
4084
4088
4150
4170
4180
4180
4181
4199
4236
4241
4246
4248
4253
4257
4274
4275
4283
4283
4284
4284
4290
4313
4318
4327
4339
4350
4359
4361
4368
4370
4392
4400
4404
4420
4421
4424
4448
4460
4494
4502
4529
4530
4537
4543
4545
4553
4566
4576
4582
4608
4608
4608
4623
4623
4676
4689
4716
4719
4719
4720
4729
4729
4730
4735
4749
4752
4755
4762
4765
4770
4792
4818
4823
4827
4828
4860
4874
4903
4905
4910
4949
4952
4955
4967
4984
4992
4997
5002
5025
5032
5039
5042
5043
5069
5106
5112
5115
5124
5133
5134
5136
5147
5169
5191
5209
5214
5216
5220
5221
5232
5236
5251
5272
5281
5293
5309
5315
5317
5336
5344
5352
5360
5365
5367
5369
5370
5374
5385
5385
5396
5399
5412
5423
5426
5440
5466
5470
5471
5485
5487
5500
5501
5506
5515
5531
5535
5542
5543
5596
5610
5612
5617
5628
5629
5636
5640
5640
5644
5646
5647
5665
5684
5699
5722
5726
5751
5758
5771
5789
5795
5805
5819
5829
5836
5840
5845
5845
5846
5854
5867
5869
5871
5876
5883
5885
5886
5925
5935
5947
5987
5999
6004
6014
6017
6021
6033
6044
6057
6058
6060
6060
6068
6098
6102
6133
6140
6152
6155
6163
6163
6163
6192
6196
6203
6206
6208
6218
6223
6224
6228
6229
6229
6235
6242
6249
6263
6281
6301
6324
6348
6376
6376
6383
6421
6448
6460
6468
6474
6476
6480
6484
6490
6505
6509
6513
6520
6524
6535
6539
6540
6561
6561
6573
6584
6612
6617
6624
6637
6648
6663
6697
6718
6728
6730
6733
6733
6735
6736
6742
6752
6764
6767
6769
6774
6781
6782
6784
6787
6791
6793
6800
6801
6804
6823
6824
6827
6832
6842
6846
6846
6876
6883
6890
6896
6898
6909
6925
6937
6940
6957
6976
6983
6991
6994
7000
7007
7014
7015
7023
7024
7025
7026
7027
7044
7047
7049
7051
7057
7080
7098
7108
7115
7119
7134
7147
7150
7155
7167
7178
7193
7193
7202
7204
7204
7205
7209
7213
7249
7260
7262
7264
7264
7265
7280
7280
7283
7316
7322
7324
7329
7349
7356
7363
7381
7398
7413
7424
7424
7426
7429
7431
7432
7470
7477
7486
7488
7491
7499
7503
7513
7522
7535
7539
7548
7555
7564
7565
7585
7598
7607
7618
7621
7625
7625
7625
7629
7639
7642
7656
7685
7694
7721
7729
7731
7732
7746
7757
7765
7766
7769
7779
7785
7786
7799
7821
7834
7840
7859
7874
7887
7889
7899
7910
7915
7928
7941
7943
7945
7949
7963
8005
8006
8010
8028
8029
8041
8047
8070
8071
8074
8076
8092
8100
8158
8168
8176
8180
8193
8199
8203
8210
8223
8230
8234
8262
8265
8268
8271
8317
8336
8340
8341
8357
8374
8378
8383
8398
8403
8410
8416
8418
8418
8422
8423
8438
8462
8469
8474
8482
8491
8499
8504
8537
8544
8590
8611
8618
8624
8650
8666
8673
8692
8723
8729
8739
8749
8750
8750
8764
8775
8801
8807
8808
8811
8816
8830
8841
8847
8850
8864
8865
8871
8875
8880
8902
8905
8924
8933
8986
8988
8989
8992
8993
9006
9011
9034
9038
9040
9044
9054
9070
9084
9088
9118
9118
9123
9128
9132
9162
9180
9200
9201
9201
9210
9240
9247
9249
9258
9259
9261
9283
9285
9291
9295
9321
9335
9338
9355
9378
9410
9414
9429
9431
9446
9454
9465
9471
9484
9516
9522
9526
9536
9541
9554
9559
9571
9574
9582
9593
9605
9619
9623
9628
9631
9641
9655
9669
9673
9676
9692
9702
9708
9733
9752
9770
9779
9779
9806
9830
9832
9842
9844
9845
9847
9848
9852
9855
9864
9864
9871
9871
9875
9879
9882
9908
9911
9913
9919
9943
9959
9974
9983
9986
9990
9994
9994
10000
10004
10006
10010
10014
10019
10034
10042
10042
10042
10048
10123
10124
10127
10132
10141
10164
10165
10178
10180
10211
10212
10212
10214
10228
10234
10241
10248
10250
10274
10297
10298
10303
10311
10327
10333
10334
10336
10347
10354
10369
10386
10403
10410
10436
10473
10507
10542
10549
10551
10556
10559
10561
10580
10587
10594
10606
10609
10610
10645
10670
10682
10695
10698
10721
10743
10750
10751
10752
10755
10764
10809
10815
10827
10837
10838
10843
10846
10852
10861
10870
10872
10874
10879
10879
10893
10906
10907
10908
10911
10918
10919
10944
10949
10955
10959
10975
11005
11011
11012
11076
11096
11101
11104
11121
11123
11127
11129
11136
11136
11148
11178
11190
11198
11214
11225
11241
11242
11257
11279
11280
11287
11304
11306
11332
11333
11336
11340
11347
11348
11349
11351
11357
11362
11372
11389
11422
11422
11431
11440
11441
11448
11466
11477
11483
11489
11535
11551
11555
11556
11559
11565
11570
11591
11593
11608
11614
11614
11616
11623
11624
11659
11660
11664
11669
11678
11680
11691
11703
11727
11741
11749
11766
11767
11775
11805
11819
11826
11833
11840
11841
11845
11845
11847
11854
11861
11862
11865
11865
11866
11872
11902
11905
11909
11934
11937
11939
11969
11970
11971
11993
12001
12008
12018
12027
12034
12045
12048
12050
12054
12084
12088
12101
12103
12111
12112
12114
12124
12143
12163
12178
12180
12185
12195
12201
12224
12251
12253
12255
12271
12271
12277
12293
12299
12318
12321
12331
12346
12350
12354
12373
12375
12375
12402
12404
12418
12435
12439
12444
12449
12457
12485
12492
12498
12520
12543
12543
12555
12575
12592
12592
12601
12618
12621
12627
12634
12645
12650
12651
12666
12675
12675
12676
12711
12711
12714
12724
12739
12739
12749
12751
12759
12761
12767
12776
12803
12804
12820
12837
12843
12861
12865
12878
12886
12896
12902
12902
12922
12925
12932
12945
12947
12964
12965
12980
12981
12983
12997
13008
13010
13015
13016
13028
13029
13038
13040
13049
13053
13056
13106
13110
13122
13147
13153
13153
13154
13173
13179
13184
13192
13197
13198
13201
13210
13210
13215
13217
13225
13226
13251
13260
13268
13271
13281
13285
13289
13291
13292
13300
13303
13307
13308
13314
13323
13324
13346
13356
13360
13362
13369
13395
13399
13417
13434
13435
13438
13456
13476
13477
13491
13506
13517
13521
13530
13554
13555
13565
13585
13587
13589
13603
13605
13610
13623
13633
13636
13642
13649
13654
13671
13677
13684
13692
13699
13707
13708
13715
13725
13729
13730
13742
13757
13757
13782
13785
13788
13804
13814
13821
13853
13904
13964
13966
13969
14000
14003
14023
14026
14031
14033
14037
14038
14051
14058
14069
14074
14078
14080
14102
14107
14107
14133
14146
14152
14155
14155
14166
14170
14176
14187
14188
14197
14217
14226
14278
14290
14295
14301
14310
14314
14322
14323
14326
14333
14340
14349
14353
14374
14404
14408
14411
14412
14449
14450
14454
14465
14476
14493
14495
14501
14507
14511
14522
14554
14579
14580
14635
14640
14643
14650
14665
14676
14694
14712
14718
14732
14748
14758
14762
14762
14784
14790
14801
14813
14819
14831
14831
14861
14862
14863
14869
14872
14891
14893
14911
14916
14918
14932
14937
14966
14972
14989
14998
15007
15014
15018
15046
15054
15058
15062
15102
15110
15114
15125
15133
15142
15159
15163
15169
15172
15175
15179
15188
15195
15198
15200
15255
15265
15276
15307
15308
15337
15351
15366
15372
15385
15402
15403
15403
15412
15419
15423
15433
15444
15468
15474
15480
15505
15512
15519
15520
15538
15543
15555
15572
15574
15574
15574
15579
15581
15584
15594
15604
15610
15617
15620
15624
15629
15630
15633
15653
15656
15668
15672
15678
15714
15739
15744
15745
15753
15754
15791
15804
15807
15820
15821
15821
15848
15849
15856
15857
15860
15874
15879
15882
15902
15904
15926
15934
15938
15948
15954
15966
15988
15992
15999
16002
16004
16009
16018
16046
16055
16061
16076
16087
16092
16100
16100
16113
16126
16140
16182
16185
16209
16219
16226
16237
16263
16263
16267
16281
16285
16295
16296
16297
16304
16305
16310
16310
16318
16344
16362
16375
16379
16382
16385
16386
16387
16418
16420
16440
16441
16441
16445
16455
16470
16502
16527
16542
16547
16557
16605
16612
16626
16628
16635
16640
16653
16654
16662
16676
16680
16689
16693
16695
16701
16726
16727
16731
16744
16764
16766
16773
16776
16790
16792
16820
16829
16852
16853
16862
16863
16866
16867
16900
16913
16925
16936
16936
16946
16948
16953
16954
16957
16976
16988
16989
16991
16994
16994
17000
17006
17025
17029
17031
17035
17035
17040
17055
17055
17064
17066
17082
17090
17094
17100
17100
17104
17118
17119
17127
17133
17137
17154
17171
17173
17182
17212
17232
17237
17256
17260
17307
17315
17330
17331
17332
17343
17353
17358
17373
17375
17378
17401
17401
17408
17417
17427
17427
17430
17442
17447
17456
17457
17461
17463
17481
17489
17505
17550
17551
17573
17575
17578
17588
17601
17601
17606
17619
17625
17632
17632
17644
17658
17675
17681
17690
17726
17730
17746
17747
17752
17767
17780
17797
17815
17818
17822
17828
17831
17834
17849
17870
17882
17883
17890
17901
17902
17909
17914
17926
17928
17948
17960
17965
17982
17983
17987
17999
18005
18011
18012
18018
18027
18035
18040
18047
18102
18111
18134
18141
18151
18154
18163
18164
18172
18176
18195
18209
18238
18240
18259
18264
18282
18294
18314
18327
18357
18368
18381
18406
18409
18433
18447
18480
18511
18517
18523
18524
18526
18539
18543
18552
18562
18570
18584
18594
18600
18607
18647
18649
18666
18698
18702
18710
18714
18717
18725
18730
18734
18734
18748
18753
18799
18811
18812
18818
18821
18826
18836
18837
18843
18851
18852
18886
18888
18896
18899
18924
18935
18939
18955
18971
18976
19014
19015
19028
19051
19055
19058
19070
19079
19090
19095
19101
19109
19111
19116
19163
19187
19198
19227
19231
19235
19248
19253
19280
19281
19281
19281
19289
19293
19305
19318
19327
19332
19351
19372
19375
19376
19379
19404
19419
19437
19443
19447
19451
19466
19473
19475
19484
19509
19514
19543
19550
19553
19557
19585
19596
19614
19616
19619
19622
19627
19627
19655
19679
19710
19722
19746
19769
19775
19777
19787
19788
19800
19802
19828
19836
19843
19862
19873
19902
19907
19929
19934
19936
19950
19952
19958
19963
19968
19972
19987
19995
20004
20006
20012
20017
20037
20062
20068
20071
20077
20079
20099
20101
20124
20179
20200
20218
20225
20234
20251
20251
20253
20254
20256
20259
20267
20269
20273
20281
20299
20313
20328
20354
20358
20365
20376
20395
20397
20400
20401
20402
20411
20411
20419
20426
20430
20433
20434
20441
20453
20454
20471
20474
20497
20519
20521
20532
20534
20537
20539
20546
20549
20555
20557
20558
20561
20570
20576
20580
20586
20587
20609
20643
20644
20646
20652
20658
20666
20680
20683
20717
20720
20720
20726
20730
20738
20756
20763
20780
20787
20819
20822
20825
20825
20828
20839
20843
20863
20872
20879
20880
20883
20890
20892
20894
20897
20921
20930
20930
20931
20932
20938
20940
20953
20957
20988
20989
21012
21017
21029
21043
21053
21053
21054
21078
21089
21117
21117
21120
21147
21152
21152
21168
21171
21185
21201
21214
21227
21240
21243
21256
21275
21305
21324
21326
21327
21337
21350
21351
21394
21416
21416
21440
21441
21445
21450
21473
21475
21483
21489
21499
21528
21532
21532
21535
21548
21549
21558
21571
21575
21581
21585
21585
21591
21592
21609
21635
21638
21650
21650
21651
21662
21674
21720
21724
21725
21733
21744
21749
21762
21769
21771
21781
21783
21787
21793
21835
21841
21850
21860
21893
21933
21934
21941
21962
21973
21974
21986
21999
22012
22021
22052
22064
22064
22066
22068
22071
22089
22096
22097
22102
22104
22106
22117
22145
22146
22149
22157
22164
22198
22198
22201
22205
22211
22215
22218
22219
22221
22225
22259
22273
22285
22287
22293
22311
22320
22342
22343
22359
22371
22388
22389
22391
22391
22394
22398
22415
22420
22423
22424
22430
22433
22435
22438
22439
22449
22452
22465
22473
22478
22484
22496
22497
22499
22524
22533
22536
22541
22547
22562
22594
22596
22602
22608
22621
22645
22647
22668
22680
22694
22707
22719
22726
22726
22727
22728
22733
22742
22749
22752
22770
22785
22789
22790
22796
22848
22849
22862
22875
22876
22890
22920
22922
22923
22936
22937
22953
22957
22958
22968
22972
22977
23033
23040
23060
23061
23072
23085
23090
23096
23102
23103
23110
23111
23119
23126
23142
23149
23182
23182
23205
23209
23214
23215
23234
23246
23250
23263
23269
23276
23300
23314
23340
23340
23348
23352
23358
23366
23372
23392
23418
23426
23434
23438
23484
23516
23535
23543
23548
23558
23563
23570
23585
23593
23602
23604
23617
23622
23627
23629
23632
23634
23634
23636
23640
23642
23656
23664
23670
23697
23752
23756
23765
23766
23832
23834
23840
23850
23852
23882
23891
23907
23914
23940
23954
23965
23965
23974
23977
23990
24000
24001
24004
24029
24031
24034
24034
24035
24043
24043
24045
24046
24052
24063
24074
24082
24105
24116
24126
24153
24164
24191
24200
24211
24212
24219
24232
24251
24256
24269
24270
24273
24286
24304
24317
24326
24327
24327
24355
24361
24364
24370
24382
24388
24399
24411
24426
24427
24431
24443
24448
24448
24459
24467
24480
24487
24491
24494
24495
24499
24503
24507
24521
24541
24544
24563
24567
24568
24569
24569
24570
24582
24583
24613
24641
24642
24652
24657
24693
24698
24709
24712
24732
24743
24749
24750
24761
24765
24769
24772
24779
24789
24797
24806
24822
24828
24867
24867
24893
24901
24904
24906
24913
24919
24923
24938
24949
24949
24953
24970
24979
24990
24991
24993
24995
25006
25020
25030
25037
25051
25062
25064
25079
25080
25087
25102
25117
25135
25144
25149
25152
25194
25198
25200
25235
25240
25244
25251
25268
25273
25277
25302
25331
25341
25343
25347
25350
25365
25365
25366
25377
25385
25393
25395
25399
25407
25424
25429
25433
25434
25437
25449
25478
25495
25497
25519
25527
25539
25556
25561
25578
25598
25603
25605
25618
25623
25637
25670
25681
25693
25712
25725
25729
25738
25750
25754
25756
25781
25809
25813
25817
25822
25833
25849
25850
25858
25861
25872
25874
25904
25918
25923
25938
25944
25960
25961
25968
25971
25981
25993
25998
26002
26004
26017
26052
26053
26056
26072
26074
26088
26100
26101
26106
26111
26114
26129
26138
26141
26183
26201
26211
26215
26224
26238
26251
26263
26270
26275
26295
26296
26306
26331
26356
26359
26387
26388
26409
26423
26436
26440
26453
26453
26455
26464
26467
26474
26478
26488
26500
26502
26523
26547
26556
26558
26572
26577
26577
26593
26603
26607
26630
26631
26632
26640
26652
26656
26658
26662
26669
26671
26675
26680
26689
26702
26712
26714
26717
26744
26748
26758
26765
26779
26780
26787
26789
26837
26840
26867
26873
26874
26886
26895
26906
26908
26935
26942
26968
26970
26972
27026
27050
27091
27092
27102
27134
27146
27147
27153
27170
27179
27246
27265
27272
27272
27297
27307
27313
27326
27337
27340
27347
27357
27361
27371
27381
27389
27395
27422
27422
27426
27428
27433
27444
27444
27445
27452
27461
27481
27485
27496
27499
27500
27501
27507
27514
27533
27563
27575
27582
27595
27609
27614
27617
27618
27628
27629
27650
27683
27686
27690
27691
27698
27701
27701
27711
27728
27728
27746
27751
27813
27821
27827
27833
27835
27837
27844
27845
27856
27858
27875
27884
27901
27903
27920
27930
27934
27941
27948
27954
27968
27970
27976
28014
28025
28029
28048
28049
28050
28074
28076
28081
28084
28103
28112
28113
28115
28140
28145
28153
28196
28199
28200
28227
28244
28263
28263
28275
28278
28281
28286
28291
28302
28303
28304
28326
28335
28337
28340
28343
28349
28382
28387
28396
28413
28436
28452
28465
28483
28484
28493
28511
28566
28594
28607
28615
28619
28636
28639
28644
28681
28682
28684
28691
28699
28721
28729
28731
28765
28798
28808
28811
28837
28839
28852
28853
28882
28883
28887
28891
28901
28916
28924
28930
28936
28939
28973
28977
29007
29060
29063
29066
29071
29073
29083
29085
29092
29094
29124
29133
29134
29142
29153
29168
29170
29179
29184
29189
29190
29202
29203
29209
29211
29248
29248
29266
29280
29290
29291
29316
29323
29323
29330
29342
29344
29355
29356
29360
29361
29365
29369
29371
29376
29388
29390
29401
29411
29418
29422
29422
29425
29485
29495
29507
29513
29524
29534
29540
29558
29559
29576
29578
29582
29654
29663
29672
29672
29680
29683
29683
29684
29690
29690
29691
29701
29706
29716
29717
29718
29724
29741
29753
29753
29759
29772
29774
29829
29839
29870
29873
29881
29900
29900
29902
29913
29920
29933
29936
29943
29965
29980
29986
30007
30012
30031
30037
30042
30055
30061
30064
30074
30078
30086
30088
30113
30116
30123
30152
30175
30179
30198
30212
30213
30226
30228
30238
30250
30257
30260
30262
30268
30272
30288
30297
30303
30303
30321
30322
30324
30325
30341
30360
30363
30363
30367
30374
30403
30403
30403
30403
30413
30436
30440
30441
30450
30452
30452
30454
30461
30462
30475
30480
30484
30511
30531
30534
30541
30542
30561
30567
30574
30601
30606
30614
30622
30626
30628
30630
30636
30642
30655
30658
30680
30695
30699
30706
30708
30710
30723
30728
30735
30738
30739
30764
30778
30825
30838
30863
30866
30873
30882
30884
30894
30897
30899
30916
30924
30928
30958
30970
30975
30976
30983
30984
30989
31010
31024
31035
31044
31044
31048
31060
31084
31093
31095
31111
31123
31160
31166
31170
31186
31194
31202
31207
31208
31209
31215
31228
31236
31255
31272
31275
31286
31299
31302
31321
31327
31353
31355
31360
31381
31411
31414
31427
31432
31451
31482
31503
31517
31546
31563
31565
31579
31593
31609
31615
31621
31625
31640
31642
31656
31658
31659
31669
31671
31675
31681
31684
31688
31701
31714
31716
31731
31736
31737
31751
31771
31802
31808
31809
31828
31829
31861
31885
31900
31910
31915
31973
31986
32004
32010
32012
32020
32025
32029
32054
32059
32070
32079
32082
32087
32092
32098
32106
32137
32149
32155
32183
32186
32207
32213
32223
32255
32259
32264
32267
32284
32285
32291
32299
32331
32337
32353
32378
32402
32403
32407
32413
32444
32453
32454
32454
32459
32460
32471
32485
32502
32509
32510
32516
32527
32532
32561
32569
32579
32584
32587
32606
32613
32618
32634
32669
32681
32686
32703
32707
32713
32719
32733
32734
32753
32762
32777
32791
32812
32815
32820
32828
32843
32858
32880
32888
32895
32903
32904
32916
32927
32935
32937
32942
32944
32949
32950
32966
32968
32973
32977
32996
33001
33020
33053
33057
33057
33069
33072
33075
33096
33103
33111
33118
33118
33181
33192
33208
33209
33233
33235
33247
33249
33264
33268
33278
33278
33285
33287
33313
33319
33344
33358
33371
33395
33414
33418
33426
33447
33457
33493
33495
33495
33501
33508
33523
33542
33552
33567
33580
33584
33590
33593
33608
33609
33615
33631
33664
33677
33686
33703
33710
33715
33716
33723
33745
33747
33750
33753
33776
33815
33823
33826
33839
33849
33871
33888
33889
33895
33905
33943
33955
33986
34027
34040
34043
34054
34064
34073
34086
34088
34088
34094
34100
34125
34130
34134
34134
34137
34140
34145
34163
34173
34195
34213
34224
34229
34235
34241
34244
34249
34259
34270
34278
34292
34299
34303
34312
34353
34357
34359
34363
34367
34369
34369
34375
34376
34377
34389
34393
34397
34400
34402
34412
34417
34422
34428
34429
34441
34470
34480
34480
34494
34496
34504
34506
34524
34532
34533
34545
34551
34565
34570
34574
34605
34621
34654
34662
34674
34677
34677
34680
34685
34686
34691
34693
34729
34790
34796
34810
34810
34831
34862
34873
34876
34899
34904
34920
34921
34927
34937
34940
34944
34962
34974
34989
34990
35003
35010
35013
35018
35019
35019
35024
35028
35031
35039
35045
35089
35102
35118
35128
35139
35154
35162
35170
35188
35193
35194
35196
35200
35203
35204
35205
35213
35217
35264
35283
35283
35295
35303
35305
35313
35337
35359
35366
35371
35378
35388
35390
35397
35400
35404
35421
35438
35449
35452
35453
35462
35475
35492
35504
35504
35510
35510
35511
35521
35528
35538
35547
35553
35595
35600
35647
35651
35658
35659
35659
35661
35665
35667
35671
35674
35676
35679
35686
35687
35694
35696
35705
35726
35728
35739
35745
35749
35780
35809
35817
35853
35855
35859
35866
35878
35904
35904
35909
35911
35938
35943
35946
35953
35955
35956
35958
35959
35966
35970
35971
35972
35983
35994
35995
36019
36043
36052
36055
36062
36066
36072
36072
36073
36079
36080
36112
36121
36123
36166
36168
36170
36176
36185
36191
36196
36219
36225
36260
36262
36284
36293
36294
36319
36324
36325
36331
36333
36336
36338
36339
36347
36350
36399
36402
36434
36437
36452
36466
36495
36507
36513
36518
36521
36524
36540
36576
36577
36580
36594
36599
36604
36624
36641
36644
36654
36659
36665
36668
36698
36718
36720
36732
36732
36757
36761
36773
36787
36792
36796
36801
36801
36808
36818
36823
36829
36831
36831
36838
36866
36868
36882
36916
36923
36930
36940
36949
36961
36971
36977
36977
37003
37017
37026
37030
37050
37057
37077
37086
37087
37099
37123
37132
37143
37154
37174
37178
37195
37216
37220
37226
37229
37235
37242
37244
37303
37310
37310
37324
37361
37366
37384
37386
37389
37399
37431
37434
37439
37439
37455
37479
37483
37484
37499
37505
37507
37512
37517
37540
37556
37558
37567
37589
37590
37591
37600
37631
37631
37645
37662
37671
37671
37689
37708
37723
37739
37757
37762
37773
37779
37793
37809
37839
37844
37848
37852
37860
37877
37881
37885
37889
37901
37916
37917
37920
37940
37947
37969
37976
37997
38007
38023
38027
38034
38048
38053
38070
38090
38100
38103
38126
38139
38162
38169
38172
38189
38197
38200
38201
38221
38247
38254
38261
38290
38293
38295
38303
38308
38308
38313
38314
38315
38321
38323
38325
38328
38328
38341
38343
38348
38350
38356
38357
38363
38365
38368
38377
38380
38401
38404
38409
38416
38421
38453
38461
38463
38468
38482
38482
38486
38487
38492
38514
38514
38528
38541
38580
38596
38602
38614
38629
38637
38644
38657
38658
38660
38662
38665
38669
38676
38678
38696
38700
38704
38715
38716
38733
38737
38744
38745
38753
38762
38773
38773
38821
38858
38859
38864
38898
38900
38913
38930
38935
38936
38937
38964
38966
38972
38973
38976
38979
38988
39003
39015
39024
39063
39066
39089
39104
39112
39114
39116
39132
39139
39141
39151
39160
39174
39180
39193
39194
39218
39231
39238
39238
39240
39245
39275
39278
39278
39312
39323
39325
39327
39345
39358
39366
39392
39396
39396
39399
39400
39415
39421
39426
39443
39464
39465
39469
39471
39478
39484
39488
39492
39502
39526
39530
39533
39533
39541
39550
39564
39580
39589
39594
39598
39623
39624
39625
39627
39636
39644
39650
39651
39731
39739
39746
39752
39758
39766
39770
39778
39791
39810
39834
39837
39855
39896
39900
39902
39903
39909
39923
39928
39930
39947
39957
39963
39968
39973
39984
39994
40001
40008
40029
40039
40051
40072
40097
40099
40099
40103
40106
40129
40144
40150
40158
40159
40177
40185
40189
40193
40211
40227
40243
40249
40261
40262
40283
40308
40343
40346
40363
40372
40377
40383
40386
40387
40390
40408
40424
40435
40440
40451
40455
40457
40479
40491
40492
40502
40508
40511
40517
40529
40534
40538
40544
40550
40556
40563
40604
40604
40618
40618
40632
40637
40655
40655
40656
40664
40674
40719
40725
40725
40771
40772
40777
40779
40803
40804
40809
40820
40853
40861
40872
40881
40889
40898
40911
40915
40925
40934
40959
40975
40995
40997
41002
41004
41007
41016
41024
41054
41055
41073
41079
41093
41096
41132
41143
41150
41152
41164
41200
41209
41213
41228
41231
41267
41274
41309
41311
41312
41319
41323
41325
41335
41353
41366
41366
41377
41398
41420
41424
41456
41480
41490
41506
41541
41545
41552
41558
41563
41573
41578
41586
41603
41611
41630
41634
41637
41641
41642
41671
41672
41672
41674
41696
41713
41725
41730
41735
41760
41766
41775
41776
41790
41799
41818
41843
41864
41869
41875
41892
41893
41893
41909
41917
41925
41929
41945
41946
41970
41979
41996
42005
42006
42014
42014
42015
42020
42029
42048
42050
42056
42060
42061
42065
42076
42081
42084
42085
42102
42104
42105
42106
42110
42120
42124
42124
42145
42170
42170
42182
42182
42196
42202
42217
42226
42231
42232
42254
42256
42260
42279
42290
42297
42297
42304
42326
42330
42361
42382
42389
42393
42409
42412
42417
42421
42423
42430
42431
42439
42444
42456
42458
42465
42480
42480
42482
42485
42496
42502
42515
42519
42523
42526
42534
42534
42544
42567
42575
42584
42584
42594
42598
42621
42623
42636
42643
42649
42691
42692
42706
42709
42709
42720
42728
42739
42740
42746
42756
42758
42776
42807
42831
42836
42842
42847
42852
42861
42862
42869
42870
42879
42892
42945
42948
42959
42978
42985
42992
42995
43014
43024
43050
43050
43051
43061
43069
43077
43114
43128
43139
43139
43142
43151
43152
43160
43184
43191
43199
43207
43212
43219
43221
43240
43241
43249
43260
43269
43323
43328
43334
43341
43353
43359
43381
43383
43383
43385
43395
43409
43424
43430
43436
43438
43443
43466
43476
43483
43500
43510
43514
43527
43528
43529
43568
43591
43597
43614
43638
43656
43685
43685
43697
43702
43703
43705
43712
43719
43751
43786
43789
43794
43805
43822
43822
43823
43824
43843
43864
43865
43879
43941
43947
43948
43959
43962
43974
43987
44014
44015
44020
44034
44034
44041
44059
44074
44084
44132
44133
44136
44137
44140
44150
44156
44167
44167
44170
44181
44194
44197
44206
44212
44244
44247
44272
44273
44287
44298
44307
44318
44337
44356
44397
44399
44407
44408
44426
44441
44446
44456
44471
44497
44501
44518
44537
44538
44541
44541
44542
44551
44551
44554
44556
44564
44566
44570
44582
44600
44601
44626
44658
44664
44672
44681
44684
44692
44706
44713
44735
44744
44745
44753
44754
44774
44777
44792
44797
44803
44828
44828
44836
44840
44843
44858
44862
44873
44882
44892
44913
44928
44930
44931
44948
44958
44970
44973
44985
44991
45002
45021
45034
45057
45058
45082
45118
45129
45134
45149
45160
45177
45177
45189
45191
45192
45203
45203
45243
45252
45268
45271
45294
45307
45309
45324
45340
45351
45363
45371
45371
45385
45394
45402
45410
45412
45429
45441
45443
45443
45445
45458
45470
45485
45540
45541
45553
45562
45600
45618
45632
45632
45643
45648
45654
45658
45660
45717
45720
45725
45752
45753
45759
45761
45772
45773
45777
45808
45811
45823
45832
45841
45854
45855
45887
45900
45905
45922
45923
45925
45939
45957
45960
45960
45978
45987
45988
46011
46011
46013
46025
46028
46031
46042
46056
46061
46063
46065
46068
46089
46091
46120
46124
46129
46130
46132
46142
46143
46148
46160
46169
46176
46176
46191
46201
46205
46210
46212
46216
46222
46231
46231
46237
46240
46252
46291
46299
46310
46310
46310
46329
46352
46355
46378
46378
46397
46407
46409
46436
46446
46454
46457
46467
46496
46508
46536
46563
46579
46594
46612
46625
46634
46639
46642
46642
46657
46667
46687
46694
46715
46735
46741
46744
46749
46755
46756
46758
46762
46773
46795
46796
46806
46808
46810
46822
46838
46851
46853
46854
46857
46860
46886
46894
46923
46935
46935
46953
46954
46974
46976
47018
47026
47040
47045
47066
47077
47078
47090
47103
47111
47112
47115
47151
47169
47174
47185
47190
47207
47213
47242
47252
47263
47281
47282
47283
47285
47288
47316
47318
47329
47330
47331
47334
47356
47365
47369
47371
47407
47447
47454
47456
47465
47468
47490
47497
47510
47517
47538
47539
47568
47600
47621
47625
47642
47642
47657
47670
47675
47694
47696
47699
47720
47720
47723
47732
47733
47740
47747
47757
47759
47779
47780
47802
47805
47807
47811
47814
47822
47823
47828
47833
47834
47847
47852
47858
47884
47915
47924
47928
47929
47937
47939
47944
47966
47969
47976
48001
48005
48009
48013
48027
48036
48058
48067
48079
48091
48095
48095
48113
48115
48136
48166
48186
48190
48191
48192
48198
48208
48208
48211
48211
48230
48250
48251
48251
48253
48281
48309
48318
48322
48329
48343
48354
48365
48368
48371
48377
48392
48406
48415
48429
48451
48473
48503
48512
48515
48537
48547
48553
48566
48584
48586
48627
48632
48645
48650
48674
48675
48684
48687
48696
48708
48738
48744
48765
48780
48789
48796
48810
48827
48836
48840
48851
48853
48874
48881
48886
48898
48904
48913
48925
48936
48937
48945
48954
48955
48983
49004
49013
49021
49024
49028
49034
49042
49048
49059
49069
49081
49085
49087
49090
49096
49111
49122
49147
49148
49151
49161
49171
49179
49179
49184
49187
49188
49195
49228
49243
49264
49270
49272
49280
49305
49309
49319
49320
49326
49328
49329
49334
49336
49337
49338
49345
49346
49350
49360
49390
49398
49407
49410
49414
49425
49453
49466
49476
49489
49490
49492
49496
49501
49504
49506
49515
49536
49541
49548
49578
49596
49598
49602
49617
49624
49631
49633
49635
49638
49654
49665
49672
49681
49694
49710
49731
49733
49737
49745
49774
49787
49814
49815
49829
49840
49845
49850
49853
49856
49868
49873
49874
49881
49882
49910
49911
49923
49925
49936
49940
49946
49957
49965
49968
49971
49973
49991
49995
50000
50011
50025
50040
50043
50080
50084
50089
50093
50097
50115
50115
50118
50134
50135
50146
50155
50160
50172
50172
50185
50185
50186
50199
50202
50210
50212
50214
50217
50225
50232
50243
50246
50249
50251
50257
50266
50272
50274
50291
50307
50308
50309
50312
50329
50334
50353
50367
50373
50375
50385
50388
50415
50416
50418
50434
50440
50453
50495
50498
50499
50500
50503
50536
50541
50541
50571
50578
50578
50586
50622
50626
50641
50657
50666
50675
50676
50679
50696
50731
50732
50744
50750
50760
50760
50799
50800
50824
50828
50830
50841
50845
50859
50861
50870
50907
50923
50928
50931
50932
50941
50956
50988
50990
50996
50999
51003
51009
51026
51035
51039
51050
51068
51070
51080
51083
51083
51085
51099
51121
51123
51134
51134
51141
51145
51154
51165
51192
51194
51204
51214
51245
51249
51257
51261
51276
51298
51301
51312
51342
51345
51392
51396
51403
51405
51411
51411
51415
51421
51451
51485
51497
51512
51532
51549
51564
51589
51604
51631
51633
51635
51678
51690
51692
51701
51702
51725
51733
51754
51770
51773
51777
51794
51796
51799
51800
51802
51802
51810
51816
51817
51827
51835
51853
51871
51888
51895
51903
51919
51921
51942
51945
51959
51968
51974
51980
51986
51990
52028
52030
52036
52051
52052
52067
52074
52088
52130
52137
52153
52173
52180
52183
52184
52190
52190
52192
52215
52226
52239
52268
52284
52298
52321
52326
52332
52347
52348
52356
52357
52375
52388
52390
52416
52431
52457
52457
52470
52473
52479
52479
52486
52494
52517
52533
52537
52539
52539
52544
52548
52569
52577
52604
52606
52611
52612
52633
52652
52686
52708
52713
52714
52731
52732
52737
52745
52751
52764
52770
52776
52794
52797
52804
52812
52819
52852
52861
52871
52871
52873
52879
52880
52880
52884
52887
52889
52898
52941
52947
52951
52960
52971
52977
52992
52994
53014
53035
53047
53047
53053
53065
53087
53121
53122
53145
53170
53172
53192
53212
53221
53225
53232
53244
53247
53256
53261
53277
53289
53290
53302
53302
53316
53322
53333
53333
53336
53345
53349
53357
53365
53367
53371
53374
53375
53403
53426
53432
53436
53439
53451
53456
53473
53475
53478
53489
53489
53528
53530
53536
53557
53591
53597
53603
53611
53612
53614
53623
53630
53631
53664
53671
53692
53693
53720
53725
53728
53742
53743
53761
53783
53809
53822
53825
53843
53849
53854
53867
53869
53878
53903
53917
53928
53941
53944
53946
53951
53976
53979
53985
53986
53993
54015
54018
54021
54028
54033
54044
54073
54088
54118
54121
54130
54131
54132
54136
54165
54165
54165
54181
54187
54189
54198
54206
54214
54239
54245
54252
54262
54271
54278
54284
54313
54329
54356
54387
54395
54420
54421
54433
54438
54446
54453
54472
54480
54487
54489
54504
54527
54533
54536
54540
54547
54556
54566
54600
54601
54621
54626
54633
54641
54647
54649
54658
54671
54683
54711
54715
54721
54722
54752
54754
54772
54820
54821
54829
54831
54845
54851
54868
54888
54895
54907
54918
54922
54948
54965
54978
54992
55049
55050
55072
55076
55101
55102
55108
55114
55118
55127
55163
55171
55173
55183
55195
55200
55210
55224
55233
55234
55257
55269
55271
55274
55276
55282
55334
55335
55355
55357
55359
55362
55367
55385
55386
55395
55403
55405
55409
55423
55427
55455
55463
55467
55482
55483
55484
55488
55514
55518
55530
55559
55581
55583
55590
55596
55603
55612
55627
55645
55645
55658
55667
55686
55699
55708
55729
55729
55730
55739
55757
55763
55764
55767
55782
55815
55824
55845
55847
55853
55854
55856
55871
55904
55929
55933
55943
55952
55954
55975
55979
56015
56023
56034
56044
56066
56069
56094
56127
56132
56152
56170
56187
56244
56245
56245
56270
56279
56328
56336
56349
56358
56372
56386
56387
56390
56397
56411
56413
56414
56434
56486
56488
56488
56494
56510
56517
56519
56547
56553
56580
56590
56601
56607
56632
56641
56645
56649
56652
56662
56663
56674
56689
56691
56701
56703
56705
56713
56717
56720
56723
56737
56742
56748
56770
56777
56777
56781
56789
56800
56806
56806
56837
56839
56856
56858
56864
56867
56883
56918
56928
56936
56946
56948
56968
56969
56974
57009
57016
57019
57020
57041
57053
57082
57091
57103
57107
57111
57113
57118
57124
57139
57190
57215
57219
57224
57273
57286
57308
57310
57314
57317
57320
57321
57346
57360
57369
57374
57378
57379
57379
57382
57393
57397
57397
57411
57420
57431
57469
57472
57478
57485
57487
57492
57497
57503
57506
57518
57522
57523
57532
57533
57548
57554
57567
57587
57592
57594
57598
57603
57627
57638
57644
57649
57651
57654
57658
57659
57664
57676
57683
57683
57695
57700
57707
57710
57727
57741
57744
57758
57760
57772
57785
57791
57794
57799
57799
57824
57840
57841
57841
57844
57863
57864
57876
57878
57889
57899
57909
57913
57924
57927
57932
57941
57942
57944
57970
57971
57977
57982
57987
57996
57998
58014
58036
58037
58038
58041
58050
58061
58067
58106
58111
58130
58132
58139
58141
58162
58175
58190
58193
58210
58210
58226
58233
58243
58243
58255
58266
58279
58284
58301
58311
58329
58337
58342
58366
58376
58377
58386
58389
58420
58438
58440
58483
58493
58493
58506
58518
58532
58535
58535
58537
58543
58549
58552
58558
58563
58589
58601
58604
58615
58615
58626
58650
58656
58665
58666
58667
58681
58686
58688
58694
58703
58704
58704
58704
58725
58726
58738
58741
58747
58749
58763
58774
58781
58791
58804
58805
58815
58819
58828
58855
58894
58901
58921
58924
58934
58955
58956
58974
59007
59014
59044
59049
59070
59072
59081
59092
59099
59133
59136
59137
59146
59151
59161
59162
59167
59170
59173
59176
59179
59180
59189
59196
59218
59220
59228
59234
59237
59238
59278
59285
59288
59294
59300
59325
59326
59329
59347
59347
59358
59361
59363
59372
59396
59401
59415
59427
59439
59453
59456
59483
59496
59506
59510
59519
59533
59543
59569
59607
59616
59621
59630
59641
59643
59656
59667
59671
59674
59684
59692
59706
59715
59752
59756
59768
59780
59794
59795
59808
59821
59822
59823
59827
59831
59835
59839
59844
59849
59862
59866
59874
59884
59885
59886
59889
59890
59891
59894
59898
59900
59917
59931
59932
59944
59948
59956
59975
59992
60011
60014
60018
60028
60046
60056
60062
60062
60071
60073
60075
60078
60125
60134
60142
60150
60150
60159
60163
60166
60183
60189
60190
60198
60198
60214
60221
60228
60268
60286
60295
60306
60326
60340
60341
60378
60401
60411
60438
60439
60439
60443
60476
60476
60494
60511
60513
60516
60522
60527
60531
60531
60536
60543
60558
60560
60570
60577
60596
60608
60610
60614
60615
60619
60624
60626
60633
60640
60642
60642
60647
60674
60676
60698
60708
60711
60718
60729
60758
60762
60775
60812
60826
60835
60836
60843
60849
60856
60857
60858
60892
60892
60899
60902
60905
60908
60914
60918
60929
60939
60959
60966
60969
60972
60982
60986
60991
60991
60994
61005
61005
61013
61038
61063
61072
61090
61092
61092
61101
61101
61110
61121
61122
61136
61178
61195
61196
61217
61220
61222
61229
61249
61251
61258
61273
61280
61293
61318
61320
61322
61322
61341
61345
61349
61358
61362
61376
61380
61402
61403
61414
61423
61438
61438
61464
61481
61488
61525
61545
61572
61576
61593
61593
61616
61651
61653
61667
61671
61674
61685
61685
61715
61715
61718
61736
61736
61755
61765
61775
61793
61800
61839
61841
61850
61867
61869
61872
61875
61899
61905
61932
61934
61936
61964
61965
61967
61972
61972
61976
61977
61995
61999
61999
62008
62008
62013
62041
62060
62072
62088
62094
62118
62127
62137
62142
62143
62149
62154
62168
62172
62179
62181
62182
62187
62195
62199
62212
62222
62226
62243
62259
62272
62277
62291
62293
62334
62335
62336
62352
62378
62384
62407
62418
62421
62440
62440
62495
62521
62535
62541
62575
62580
62590
62591
62629
62631
62637
62641
62641
62654
62658
62668
62671
62692
62692
62738
62775
62816
62838
62847
62868
62884
62885
62893
62926
62966
62988
62989
62996
63001
63027
63027
63034
63052
63058
63075
63081
63081
63102
63107
63115
63119
63119
63122
63129
63143
63159
63168
63172
63176
63215
63218
63232
63235
63235
63262
63271
63283
63287
63294
63296
63332
63366
63370
63372
63391
63394
63420
63432
63434
63441
63443
63444
63444
63494
63502
63508
63524
63527
63528
63529
63547
63548
63548
63563
63564
63594
63599
63603
63609
63621
63624
63630
63635
63636
63659
63663
63665
63702
63728
63736
63744
63748
63752
63774
63776
63798
63816
63828
63831
63832
63836
63838
63842
63851
63859
63862
63871
63916
63919
63956
63985
64003
64004
64032
64034
64048
64060
64072
64072
64094
64102
64121
64121
64122
64133
64135
64147
64150
64166
64172
64178
64196
64209
64216
64216
64221
64233
64244
64256
64263
64272
64292
64303
64305
64317
64321
64325
64348
64351
64382
64382
64383
64386
64390
64399
64433
64438
64447
64449
64467
64499
64515
64526
64535
64553
64560
64577
64578
64581
64601
64601
64625
64634
64636
64637
64646
64659
64674
64679
64683
64685
64701
64702
64729
64759
64766
64768
64770
64773
64775
64779
64788
64792
64795
64807
64811
64822
64829
64852
64859
64866
64878
64888
64891
64892
64912
64916
64917
64959
64962
64966
64982
64984
64992
64993
64994
64996
65003
65009
65021
65025
65027
65037
65056
65057
65058
65062
65073
65097
65099
65131
65160
65173
65190
65194
65197
65228
65238
65243
65256
65261
65262
65266
65282
65285
65287
65341
65352
65356
65361
65368
65384
65386
65427
65458
65461
65471
65474
65477
65501
65513
65530
65533
65551
65558
65563
65588
65590
65590
65591
65593
65609
65631
65633
65649
65662
65672
65690
65695
65696
65705
65719
65720
65728
65740
65777
65793
65844
65849
65853
65856
65869
65878
65909
65918
65926
65953
65957
65972
65972
65983
65986
65999
66007
66013
66018
66019
66037
66059
66069
66079
66080
66083
66087
66099
66103
66111
66116
66147
66151
66152
66155
66162
66187
66190
66205
66223
66227
66242
66253
66279
66280
66293
66311
66318
66337
66349
66350
66387
66392
66408
66431
66438
66445
66446
66455
66462
66463
66480
66499
66500
66524
66557
66558
66568
66578
66578
66580
66585
66585
66597
66599
66607
66618
66638
66642
66657
66669
66670
66681
66689
66699
66708
66710
66712
66714
66716
66716
66734
66747
66766
66793
66809
66816
66827
66852
66869
66877
66884
66885
66891
66894
66910
66910
66914
66924
66929
66937
66939
66939
66943
66946
66967
66974
66989
66993
67003
67004
67022
67051
67054
67071
67082
67087
67103
67136
67144
67166
67171
67175
67184
67190
67201
67205
67214
67215
67218
67219
67225
67232
67235
67246
67252
67288
67302
67312
67315
67341
67343
67361
67362
67363
67370
67388
67391
67412
67433
67442
67447
67463
67469
67470
67490
67490
67509
67515
67516
67534
67535
67548
67550
67569
67580
67582
67610
67614
67619
67621
67627
67648
67653
67666
67671
67680
67681
67690
67706
67706
67712
67712
67734
67750
67767
67768
67769
67774
67783
67785
67795
67797
67812
67819
67826
67832
67836
67856
67862
67875
67896
67898
67943
67951
67973
67980
68018
68022
68026
68032
68033
68052
68055
68059
68063
68070
68075
68080
68089
68103
68103
68105
68114
68116
68117
68123
68123
68126
68145
68149
68152
68156
68160
68174
68175
68181
68191
68205
68209
68233
68236
68254
68267
68272
68275
68275
68278
68296
68299
68316
68318
68342
68365
68372
68378
68379
68382
68394
68395
68396
68403
68405
68411
68416
68419
68430
68431
68433
68440
68463
68469
68477
68484
68495
68509
68516
68527
68527
68562
68564
68565
68582
68591
68592
68601
68607
68608
68610
68611
68620
68647
68656
68670
68673
68690
68706
68745
68749
68769
68770
68772
68797
68815
68818
68834
68842
68845
68845
68851
68852
68853
68873
68888
68892
68901
68909
68915
68918
68923
68925
68933
68934
68942
68943
68971
68975
68976
68997
69004
69036
69038
69043
69043
69045
69048
69087
69090
69103
69128
69131
69138
69143
69145
69158
69165
69174
69174
69175
69180
69212
69233
69242
69257
69263
69282
69298
69307
69310
69312
69316
69316
69325
69344
69351
69361
69365
69372
69383
69387
69387
69410
69423
69431
69437
69447
69450
69476
69484
69488
69491
69491
69495
69515
69527
69539
69542
69552
69553
69557
69562
69574
69588
69594
69615
69615
69623
69627
69629
69631
69637
69663
69670
69671
69678
69683
69698
69716
69741
69746
69754
69760
69762
69786
69798
69801
69832
69843
69850
69858
69881
69884
69886
69901
69904
69913
69918
69939
69941
69953
69961
69979
69983
70009
70016
70031
70037
70037
70045
70054
70061
70062
70075
70077
70077
70079
70081
70096
70107
70107
70109
70117
70125
70132
70140
70144
70151
70154
70154
70157
70164
70179
70192
70193
70217
70218
70224
70238
70345
70356
70357
70358
70371
70373
70376
70393
70397
70411
70431
70432
70434
70442
70451
70451
70454
70468
70480
70485
70486
70500
70512
70527
70533
70535
70539
70543
70546
70553
70569
70573
70581
70583
70586
70587
70601
70618
70627
70634
70648
70664
70698
70703
70711
70711
70715
70716
70718
70742
70748
70750
70763
70764
70768
70802
70821
70821
70835
70841
70848
70854
70857
70878
70879
70905
70919
70923
70936
70949
70952
70964
70966
70979
70991
70997
71019
71026
71033
71040
71044
71054
71079
71103
71111
71124
71139
71141
71143
71145
71168
71188
71192
71199
71200
71213
71214
71216
71222
71224
71230
71246
71266
71277
71279
71310
71318
71322
71329
71345
71347
71352
71356
71365
71390
71393
71397
71400
71422
71442
71443
71448
71466
71477
71478
71487
71491
71491
71508
71534
71563
71608
71609
71609
71625
71648
71665
71672
71674
71674
71706
71718
71737
71756
71763
71799
71800
71823
71823
71831
71834
71839
71849
71850
71854
71875
71888
71891
71896
71904
71918
71930
71946
71956
71957
71961
71996
72002
72011
72013
72013
72022
72023
72033
72065
72067
72071
72079
72086
72094
72095
72098
72103
72112
72125
72163
72165
72168
72177
72212
72213
72214
72220
72227
72232
72255
72262
72286
72290
72293
72298
72319
72334
72342
72348
72359
72363
72365
72391
72398
72410
72426
72438
72462
72466
72468
72477
72489
72495
72513
72516
72517
72537
72538
72544
72548
72560
72568
72584
72585
72595
72609
72632
72643
72653
72673
72673
72688
72694
72697
72712
72726
72729
72730
72755
72761
72777
72794
72802
72814
72814
72823
72845
72850
72851
72854
72858
72910
72913
72917
72943
72962
72966
72967
72969
72975
72982
72982
72985
73002
73041
73078
73082
73092
73112
73152
73165
73171
73188
73202
73207
73215
73218
73230
73243
73247
73248
73252
73255
73258
73276
73279
73294
73295
73307
73326
73330
73353
73369
73370
73383
73386
73400
73402
73422
73424
73431
73445
73458
73459
73462
73477
73496
73499
73517
73531
73533
73545
73549
73559
73578
73605
73607
73615
73622
73631
73637
73656
73657
73666
73671
73687
73688
73689
73698
73718
73722
73727
73729
73733
73733
73741
73753
73758
73759
73763
73769
73779
73781
73783
73805
73827
73828
73853
73858
73891
73900
73918
73928
73935
73955
73969
74019
74035
74041
74046
74070
74073
74075
74083
74087
74089
74107
74107
74133
74144
74146
74160
74192
74193
74196
74199
74215
74217
74220
74234
74240
74250
74262
74268
74283
74285
74293
74297
74329
74343
74367
74371
74387
74397
74401
74402
74405
74427
74439
74458
74467
74469
74470
74505
74509
74519
74531
74532
74533
74548
74550
74560
74574
74588
74610
74611
74629
74651
74655
74670
74688
74694
74696
74731
74744
74754
74759
74771
74806
74817
74821
74845
74846
74855
74856
74856
74859
74862
74863
74884
74892
74898
74934
74940
74956
74959
74982
74983
74988
74998
75001
75010
75013
75049
75054
75067
75099
75126
75126
75131
75163
75164
75185
75186
75215
75223
75231
75263
75269
75313
75325
75341
75355
75372
75376
75387
75403
75437
75443
75458
75468
75469
75470
75471
75473
75474
75474
75486
75538
75545
75553
75555
75567
75598
75610
75624
75628
75630
75630
75641
75642
75644
75648
75657
75662
75663
75670
75682
75703
75706
75714
75749
75749
75759
75764
75771
75771
75772
75786
75796
75805
75811
75812
75818
75838
75859
75866
75875
75888
75902
75912
75933
75939
75956
75963
75977
75984
75988
75990
75996
76002
76004
76019
76027
76032
76052
76054
76057
76079
76112
76122
76154
76163
76172
76177
76181
76195
76215
76216
76224
76235
76240
76261
76262
76282
76292
76296
76328
76334
76340
76343
76349
76392
76407
76416
76434
76466
76475
76479
76482
76504
76507
76508
76512
76513
76517
76522
76523
76533
76540
76554
76561
76572
76587
76603
76635
76636
76651
76656
76665
76672
76689
76693
76703
76719
76723
76726
76742
76777
76790
76793
76793
76809
76810
76813
76823
76829
76833
76846
76854
76854
76872
76878
76879
76883
76890
76896
76923
76928
76928
76940
76946
76947
76949
76954
76958
76968
76973
76981
76991
76996
77005
77011
77016
77022
77029
77031
77039
77040
77047
77060
77088
77134
77134
77136
77142
77145
77150
77150
77161
77164
77166
77178
77185
77190
77202
77204
77226
77261
77266
77267
77269
77286
77293
77302
77304
77316
77316
77350
77359
77373
77374
77376
77382
77420
77426
77433
77434
77443
77443
77445
77448
77452
77462
77463
77485
77494
77511
77519
77557
77557
77559
77560
77563
77563
77567
77570
77589
77594
77611
77620
77628
77634
77670
77684
77694
77703
77709
77709
77738
77753
77759
77777
77792
77794
77798
77800
77803
77806
77810
77846
77851
77869
77887
77889
77908
77914
77927
77930
77935
77937
77946
77952
77955
77972
77976
77995
78000
78004
78004
78009
78013
78028
78056
78068
78072
78084
78109
78111
78139
78145
78151
78151
78167
78185
78194
78205
78223
78225
78227
78236
78243
78255
78259
78268
78274
78279
78279
78285
78285
78292
78316
78321
78322
78328
78352
78353
78357
78372
78379
78380
78386
78392
78399
78401
78434
78442
78443
78447
78450
78453
78468
78501
78515
78535
78537
78541
78542
78548
78559
78624
78638
78639
78657
78694
78708
78727
78743
78743
78755
78758
78783
78810
78816
78848
78853
78881
78899
78909
78923
78939
78939
78949
78959
78960
78963
78990
78998
79008
79011
79012
79024
79056
79065
79107
79114
79122
79126
79127
79130
79143
79145
79158
79177
79188
79190
79198
79223
79250
79261
79264
79286
79310
79325
79326
79334
79335
79341
79342
79354
79359
79364
79366
79374
79401
79402
79409
79424
79441
79448
79459
79470
79495
79498
79505
79509
79509
79518
79519
79526
79532
79547
79548
79551
79555
79567
79576
79581
79601
79611
79620
79624
79626
79644
79674
79682
79694
79695
79701
79709
79710
79713
79715
79716
79728
79739
79782
79788
79789
79798
79853
79887
79889
79890
79894
79904
79915
79924
79924
79925
79935
79947
79963
79970
79976
79989
80002
80004
80022
80025
80032
80043
80044
80053
80065
80072
80116
80124
80143
80146
80165
80175
80189
80191
80196
80197
80206
80233
80237
80256
80261
80281
80289
80300
80300
80315
80330
80342
80352
80355
80356
80360
80364
80375
80396
80397
80418
80423
80429
80437
80439
80440
80448
80452
80467
80469
80470
80490
80513
80526
80539
80542
80581
80592
80597
80617
80620
80639
80657
80660
80669
80671
80673
80675
80696
80703
80709
80710
80715
80727
80727
80729
80740
80754
80762
80769
80775
80780
80788
80795
80796
80823
80828
80828
80834
80836
80844
80845
80852
80859
80875
80878
80889
80898
80909
80937
80944
80945
80956
80958
80960
80961
80983
80999
81003
81012
81024
81033
81037
81047
81050
81088
81118
81131
81133
81146
81150
81152
81154
81171
81185
81223
81238
81244
81292
81296
81302
81326
81339
81365
81368
81368
81371
81378
81389
81401
81428
81439
81506
81558
81571
81572
81574
81580
81580
81648
81675
81686
81688
81692
81696
81700
81704
81729
81742
81747
81773
81774
81796
81802
81818
81820
81839
81842
81851
81862
81863
81879
81895
81907
81916
81921
81924
81935
81942
81951
81957
81982
81999
82007
82007
82012
82016
82019
82034
82057
82063
82076
82080
82110
82112
82122
82124
82138
82140
82169
82176
82177
82184
82189
82194
82195
82198
82206
82211
82224
82231
82240
82264
82271
82272
82274
82295
82308
82312
82313
82330
82332
82337
82357
82374
82389
82421
82431
82433
82475
82485
82499
82504
82516
82535
82545
82546
82553
82556
82568
82594
82609
82614
82633
82651
82662
82676
82677
82678
82679
82706
82709
82709
82711
82718
82721
82725
82729
82732
82743
82744
82753
82757
82760
82770
82777
82793
82796
82810
82823
82841
82864
82872
82872
82878
82883
82887
82892
82895
82899
82903
82909
82921
82923
82924
82928
82929
82934
82939
82964
82966
82967
82968
82985
83000
83022
83028
83042
83043
83059
83065
83097
83104
83109
83125
83134
83134
83155
83163
83170
83188
83218
83235
83241
83243
83270
83272
83280
83289
83292
83299
83322
83345
83353
83361
83365
83366
83382
83389
83395
83411
83417
83427
83456
83458
83481
83487
83493
83512
83555
83556
83565
83579
83581
83594
83595
83610
83624
83628
83640
83645
83659
83660
83662
83677
83678
83678
83692
83708
83722
83736
83743
83754
83760
83782
83784
83787
83794
83798
83813
83814
83820
83822
83825
83840
83840
83846
83848
83904
83924
83928
83930
83931
83932
83933
83933
83935
83943
83947
83967
83985
83995
84007
84020
84021
84025
84028
84047
84049
84056
84074
84095
84097
84108
84121
84123
84131
84135
84146
84156
84161
84171
84172
84176
84199
84202
84202
84207
84215
84216
84217
84223
84226
84230
84231
84232
84252
84252
84261
84264
84267
84272
84278
84292
84317
84323
84343
84358
84366
84380
84399
84403
84413
84417
84420
84420
84434
84448
84492
84494
84497
84498
84504
84511
84521
84526
84529
84537
84542
84543
84552
84575
84576
84581
84582
84615
84618
84640
84645
84646
84648
84657
84671
84672
84677
84682
84717
84727
84740
84744
84744
84758
84758
84762
84763
84775
84784
84830
84842
84843
84844
84868
84870
84871
84871
84899
84906
84909
84911
84933
84969
84985
84994
85012
85019
85038
85057
85083
85088
85094
85097
85098
85118
85121
85139
85145
85156
85168
85178
85180
85189
85205
85205
85213
85213
85215
85219
85228
85233
85247
85247
85254
85278
85289
85294
85297
85300
85306
85314
85318
85325
85345
85348
85351
85363
85364
85380
85396
85416
85422
85427
85427
85438
85441
85441
85442
85450
85453
85461
85466
85469
85479
85483
85490
85492
85506
85513
85518
85526
85530
85533
85537
85537
85544
85546
85549
85553
85557
85579
85579
85583
85600
85612
85633
85634
85648
85656
85660
85673
85677
85680
85694
85699
85700
85718
85733
85742
85745
85764
85765
85769
85769
85781
85790
85803
85805
85809
85822
85825
85828
85840
85841
85862
85886
85894
85926
85933
85957
85973
86004
86008
86046
86049
86062
86081
86095
86131
86140
86145
86165
86176
86178
86193
86194
86202
86211
86214
86221
86228
86228
86243
86247
86252
86264
86285
86315
86327
86332
86337
86368
86377
86399
86405
86435
86447
86448
86451
86460
86462
86484
86492
86493
86506
86507
86514
86519
86524
86538
86576
86579
86618
86636
86639
86645
86653
86670
86707
86708
86710
86714
86720
86738
86752
86756
86764
86770
86796
86802
86802
86805
86815
86823
86824
86837
86863
86880
86906
86912
86915
86925
86937
86953
86954
86965
86966
86969
86971
87002
87002
87041
87069
87074
87077
87079
87109
87154
87162
87169
87177
87178
87184
87185
87204
87206
87206
87208
87270
87271
87280
87281
87285
87303
87319
87323
87342
87343
87363
87378
87381
87384
87386
87407
87409
87412
87422
87422
87432
87446
87463
87463
87473
87477
87492
87496
87502
87510
87519
87541
87543
87554
87603
87624
87629
87630
87656
87661
87667
87686
87699
87717
87732
87736
87738
87759
87781
87781
87787
87791
87805
87810
87815
87836
87842
87855
87866
87868
87875
87903
87904
87913
87913
87923
87932
87937
87958
87965
87968
87974
87977
87981
88005
88029
88044
88045
88068
88075
88080
88094
88100
88108
88114
88128
88129
88133
88135
88136
88174
88176
88184
88188
88200
88209
88218
88233
88247
88281
88296
88301
88302
88307
88326
88328
88343
88358
88367
88369
88373
88386
88388
88394
88406
88444
88448
88450
88457
88468
88468
88485
88486
88505
88506
88523
88537
88538
88543
88545
88550
88567
88569
88570
88581
88587
88600
88602
88620
88622
88623
88625
88631
88636
88638
88638
88650
88656
88668
88668
88670
88677
88684
88699
88709
88730
88730
88736
88754
88762
88763
88767
88770
88771
88774
88780
88784
88790
88803
88806
88812
88818
88825
88832
88832
88836
88842
88845
88854
88856
88857
88862
88872
88875
88881
88895
88905
88909
88922
88932
88936
88951
88959
88975
88980
88981
88989
88990
89035
89046
89058
89064
89069
89069
89086
89098
89107
89107
89109
89113
89129
89140
89147
89147
89161
89161
89162
89178
89182
89184
89192
89231
89233
89238
89243
89270
89273
89278
89287
89300
89317
89330
89348
89386
89388
89389
89405
89407
89408
89435
89436
89451
89461
89467
89472
89478
89495
89513
89525
89531
89532
89559
89566
89570
89585
89600
89604
89637
89642
89657
89669
89686
89701
89714
89734
89743
89763
89799
89804
89808
89817
89834
89844
89859
89872
89893
89902
89911
89913
89949
89962
89966
89999
90015
90017
90021
90032
90072
90079
90084
90090
90092
90096
90122
90124
90129
90135
90138
90139
90142
90150
90152
90155
90180
90186
90188
90189
90191
90194
90207
90223
90226
90228
90296
90297
90308
90333
90339
90345
90347
90354
90355
90375
90400
90402
90406
90418
90419
90420
90436
90439
90442
90447
90460
90461
90470
90474
90479
90483
90492
90502
90504
90525
90529
90529
90532
90536
90567
90590
90602
90605
90608
90613
90615
90622
90622
90631
90632
90632
90637
90642
90644
90663
90714
90714
90729
90737
90744
90761
90776
90780
90784
90788
90798
90807
90810
90830
90851
90851
90855
90872
90873
90880
90908
90929
90931
90945
90955
90958
90963
90980
90999
91010
91011
91032
91033
91038
91039
91042
91076
91077
91084
91088
91104
91106
91108
91111
91114
91128
91138
91138
91150
91155
91157
91162
91181
91195
91207
91210
91216
91223
91248
91249
91252
91256
91260
91263
91265
91274
91281
91287
91288
91294
91299
91312
91318
91337
91360
91374
91384
91388
91396
91400
91438
91445
91469
91484
91485
91495
91495
91508
91516
91519
91520
91521
91534
91548
91550
91570
91571
91579
91597
91656
91658
91665
91668
91677
91679
91687
91703
91705
91726
91728
91728
91767
91791
91827
91838
91848
91853
91857
91858
91858
91863
91866
91885
91888
91889
91910
91915
91927
91934
91944
91957
91962
91990
91994
91995
92023
92050
92073
92078
92080
92082
92082
92083
92084
92091
92115
92126
92141
92145
92158
92176
92188
92200
92219
92233
92250
92258
92278
92288
92294
92304
92311
92311
92334
92337
92343
92371
92412
92447
92460
92462
92466
92475
92480
92492
92499
92520
92522
92522
92534
92543
92550
92555
92566
92586
92589
92590
92624
92626
92636
92647
92654
92670
92670
92683
92685
92721
92728
92753
92756
92774
92776
92781
92783
92802
92807
92821
92835
92858
92860
92870
92885
92889
92892
92896
92898
92909
92916
92919
92922
92932
92946
92948
92952
92955
92961
92963
92964
92970
92972
92979
92981
92987
92993
93001
93029
93031
93032
93038
93045
93058
93063
93080
93104
93118
93120
93122
93125
93132
93132
93135
93152
93177
93181
93186
93191
93192
93198
93211
93230
93232
93255
93280
93286
93294
93304
93305
93307
93316
93336
93354
93361
93363
93364
93380
93426
93457
93458
93462
93481
93488
93489
93491
93498
93501
93502
93537
93568
93569
93593
93593
93596
93609
93612
93612
93613
93614
93615
93624
93624
93664
93666
93675
93679
93688
93692
93697
93701
93706
93710
93713
93720
93726
93733
93745
93761
93764
93771
93781
93785
93793
93797
93804
93813
93814
93824
93827
93837
93859
93864
93869
93879
93880
93883
93895
93895
93911
93918
93921
93927
93933
93936
93945
93958
93997
94005
94014
94029
94031
94037
94045
94048
94061
94090
94119
94132
94163
94164
94172
94182
94194
94199
94203
94207
94225
94230
94239
94253
94284
94290
94295
94305
94307
94310
94315
94315
94320
94325
94330
94353
94376
94381
94381
94387
94391
94395
94412
94427
94435
94440
94442
94451
94452
94459
94473
94484
94497
94540
94540
94551
94555
94563
94565
94577
94582
94598
94601
94607
94609
94633
94633
94647
94660
94667
94668
94678
94679
94701
94703
94709
94712
94730
94733
94759
94762
94770
94774
94787
94788
94789
94812
94812
94833
94841
94851
94859
94915
94921
94938
94940
94951
95004
95011
95040
95050
95058
95072
95072
95081
95088
95113
95115
95121
95128
95144
95175
95175
95201
95228
95238
95264
95265
95272
95274
95277
95306
95309
95315
95316
95320
95329
95339
95356
95356
95380
95393
95394
95396
95398
95402
95406
95441
95449
95450
95457
95462
95464
95488
95523
95526
95541
95541
95542
95542
95564
95564
95595
95597
95614
95625
95640
95640
95646
95653
95654
95654
95670
95687
95705
95710
95720
95740
95758
95784
95788
95807
95808
95813
95813
95826
95831
95832
95834
95842
95848
95857
95878
95878
95890
95904
95907
95917
95920
95923
95950
95952
95962
95969
95970
95971
95977
95977
95985
95986
96018
96026
96052
96053
96066
96068
96070
96083
96084
96099
96100
96100
96101
96114
96117
96143
96150
96163
96166
96181
96191
96208
96225
96228
96229
96231
96244
96281
96288
96295
96329
96345
96360
96384
96394
96425
96427
96474
96489
96490
96494
96494
96496
96520
96538
96545
96548
96561
96561
96561
96566
96576
96577
96581
96594
96601
96607
96607
96633
96651
96658
96673
96684
96697
96716
96731
96742
96755
96758
96766
96769
96783
96784
96798
96801
96808
96831
96832
96845
96855
96881
96881
96907
96918
96929
96936
96939
96955
96963
96987
96999
97025
97042
97042
97043
97051
97052
97063
97069
97071
97074
97102
97106
97109
97114
97121
97123
97140
97161
97163
97165
97185
97191
97221
97228
97232
97233
97245
97253
97258
97281
97294
97296
97296
97299
97316
97328
97332
97341
97345
97353
97363
97373
97382
97390
97394
97405
97419
97424
97425
97437
97445
97450
97451
97496
97499
97502
97547
97552
97553
97558
97568
97568
97570
97571
97573
97576
97594
97597
97616
97624
97657
97673
97676
97708
97715
97721
97727
97748
97750
97759
97783
97788
97789
97799
97802
97810
97816
97820
97828
97830
97841
97855
97856
97857
97880
97922
97925
97929
97934
97940
97941
97944
97967
98019
98027
98032
98043
98054
98057
98071
98073
98077
98098
98099
98111
98117
98117
98121
98124
98146
98149
98152
98175
98184
98196
98207
98216
98229
98231
98232
98236
98236
98241
98241
98251
98295
98311
98332
98333
98340
98350
98357
98362
98371
98371
98381
98384
98403
98404
98419
98435
98480
98481
98484
98500
98507
98512
98528
98529
98536
98538
98541
98543
98550
98585
98589
98613
98620
98638
98645
98654
98657
98660
98666
98668
98670
98676
98676
98677
98692
98704
98706
98708
98731
98750
98753
98758
98760
98767
98770
98773
98775
98778
98784
98811
98835
98841
98845
98852
98855
98857
98862
98872
98881
98909
98918
98921
98925
98926
98928
98959
98963
98980
98982
98994
99029
99034
99039
99044
99046
99059
99063
99077
99087
99094
99094
99104
99104
99109
99110
99121
99134
99134
99155
99157
99158
99203
99210
99233
99233
99251
99258
99264
99279
99286
99316
99317
99332
99351
99355
99363
99373
99377
99383
99390
99401
99405
99455
99459
99461
99462
99465
99491
99494
99494
99502
99503
99504
99518
99523
99535
99553
99555
99565
99566
99569
99582
99586
99589
99591
99597
99671
99687
99699
99703
99706
99713
99722
99733
99736
99736
99748
99757
99766
99803
99816
99842
99888
99898
99909
99918
99920
99923
99931
99943
99952
99958
99993
99995
