6
7
8
12
17
19
28
51
66
86
97
133
134
134
137
149
156
174
182
185
211
234
242
243
261
267
277
286
298
320
322
332
341
344
345
386
394
402
411
413
427
430
441
445
448
449
463
489
497
518
524
534
538
560
566
571
593
619
631
640
659
661
668
674
684
702
708
710
722
725
734
735
743
745
754
756
761
765
786
809
820
855
872
880
895
904
907
908
925
926
930
940
951
951
967
991
1007
1008
1013
1015
1027
1030
1048
1051
1056
1073
1076
1081
1085
1086
1108
1108
1113
1116
1126
1138
1142
1161
1174
1174
1175
1177
1189
1217
1227
1228
1245
1247
1247
1250
1253
1268
1274
1285
1294
1295
1303
1324
1327
1334
1341
1344
1345
1350
1351
1360
1379
1379
1398
1429
1448
1460
1500
1506
1518
1527
1530
1545
1554
1561
1562
1570
1578
1613
1616
1616
1646
1670
1682
1699
1706
1709
1710
1720
1736
1758
1770
1800
1807
1830
1836
1841
1849
1850
1857
1858
1862
1866
1873
1877
1914
1938
1940
1958
1973
1975
1992
2008
2009
2013
2035
2067
2070
2074
2112
2125
2147
2161
2186
2187
2193
2208
2216
2223
2228
2235
2239
2248
2265
2282
2299
2328
2330
2335
2335
2341
2357
2362
2373
2380
2396
2439
2441
2445
2455
2468
2489
2507
2508
2515
2525
2528
2543
2549
2573
2583
2597
2611
2614
2614
2618
2629
2630
2631
2642
2654
2658
2666
2678
2678
2683
2690
2695
2707
2712
2713
2717
2718
2734
2769
2774
2778
2788
2790
2791
2794
2804
2834
2850
2880
2899
2922
2926
2932
2933
2935
2937
2940
2998
3007
3018
3031
3040
3064
3070
3078
3079
3088
3089
3094
3096
3120
3136
3143
3148
3150
3174
3199
3232
3250
3256
3257
3273
3279
3290
3298
3303
3319
3320
3351
3353
3361
3365
3373
3383
3400
3410
3410
3411
3433
3460
3461
3472
3483
3484
3494
3507
3508
3516
3539
3554
3558
3562
3563
3589
3595
3605
3614
3614
3628
3643
3656
3663
3669
3671
3672
3689
3697
3712
3715
3737
3739
3746
3769
3784
3788
3792
3795
3823
3831
3835
3851
3854
3862
3869
3878
3883
3898
3905
3911
3920
3924
3930
3945
3964
3978
3979
4000
4007
4012
4032
4054
4062
4073
4074
4092
4098
4114
4117
4123
4129
4144
4152
4160
4161
4166
4180
4197
4219
4221
4224
4227
4230
4234
4243
4280
4330
4376
4376
4396
4415
4422
4443
4467
4486
4490
4493
4493
4510
4518
4522
4529
4531
4536
4537
4538
4539
4543
4557
4559
4559
4571
4577
4586
4613
4625
4626
4649
4652
4668
4680
4682
4690
4698
4704
4736
4750
4778
4792
4805
4805
4806
4807
4809
4814
4826
4832
4846
4850
4861
4875
4893
4894
4906
4908
4926
4937
4940
4951
4961
4993
4996
5008
5017
5021
5023
5033
5037
5042
5059
5078
5096
5104
5106
5109
5124
5134
5136
5137
5137
5138
5172
5197
5199
5205
5206
5226
5238
5253
5255
5259
5261
5293
5294
5298
5302
5305
5310
5317
5322
5348
5349
5357
5373
5384
5385
5392
5392
5405
5412
5424
5425
5425
5432
5448
5458
5463
5480
5501
5502
5503
5508
5515
5520
5524
5553
5562
5591
5595
5606
5632
5643
5659
5669
5700
5705
5705
5726
5727
5732
5763
5812
5820
5825
5847
5852
5855
5857
5859
5869
5876
5901
5949
5955
5985
5993
5997
6000
6010
6016
6018
6036
6042
6065
6065
6071
6076
6079
6098
6103
6104
6112
6115
6119
6120
6140
6143
6145
6154
6154
6169
6179
6195
6195
6198
6200
6207
6213
6215
6239
6249
6262
6268
6295
6303
6309
6316
6330
6346
6350
6387
6388
6416
6426
6427
6439
6440
6470
6488
6490
6496
6503
6514
6549
6553
6559
6562
6582
6590
6592
6633
6654
6654
6682
6708
6710
6722
6723
6727
6731
6735
6736
6758
6758
6761
6766
6777
6788
6801
6802
6808
6810
6815
6816
6820
6849
6859
6862
6873
6878
6894
6896
6897
6921
6964
6973
6973
6981
6982
6989
7036
7044
7053
7058
7064
7078
7080
7092
7097
7104
7104
7134
7142
7156
7171
7202
7205
7208
7239
7244
7248
7249
7259
7268
7275
7279
7292
7326
7342
7363
7371
7373
7380
7385
7389
7411
7463
7479
7480
7495
7496
7502
7509
7515
7525
7525
7532
7573
7583
7585
7585
7590
7598
7604
7612
7623
7654
7656
7663
7680
7686
7688
7689
7695
7702
7726
7729
7730
7731
7735
7743
7745
7754
7758
7772
7790
7794
7830
7831
7850
7861
7865
7870
7871
7873
7882
7898
7899
7902
7907
7923
7928
7946
7955
7964
7966
7966
7974
7977
7985
7992
7997
8027
8028
8031
8080
8086
8087
8091
8105
8112
8126
8142
8148
8157
8177
8180
8182
8188
8207
8210
8216
8218
8239
8243
8246
8254
8272
8282
8282
8291
8293
8293
8308
8312
8313
8321
8335
8339
8360
8360
8379
8380
8385
8403
8419
8425
8432
8435
8436
8437
8438
8453
8455
8462
8466
8475
8486
8492
8519
8533
8536
8537
8539
8559
8562
8566
8571
8574
8575
8580
8583
8595
8597
8597
8601
8603
8605
8610
8632
8642
8648
8654
8670
8673
8676
8709
8709
8716
8729
8732
8744
8746
8754
8757
8774
8792
8792
8792
8792
8799
8807
8809
8820
8828
8846
8846
8891
8907
8910
8911
8916
8926
8960
8966
8979
8992
8997
8999
9012
9027
9042
9051
9077
9084
9091
9094
9113
9119
9121
9132
9135
9164
9187
9188
9209
9220
9225
9267
9270
9282
9283
9296
9299
9308
9318
9325
9336
9354
9358
9364
9364
9374
9376
9394
9404
9405
9406
9407
9412
9413
9427
9441
9449
9454
9464
9466
9471
9477
9481
9494
9501
9510
9514
9530
9544
9552
9560
9574
9576
9584
9607
9608
9613
9629
9641
9664
9664
9664
9667
9689
9694
9706
9725
9742
9751
9752
9753
9775
9777
9780
9791
9794
9810
9831
9856
9866
9869
9870
9903
9906
9908
9918
9935
9951
9953
9959
9982
9995
9997
10014
10022
10027
10030
10050
10056
10068
10079
10079
10086
10105
10106
10134
10159
10183
10184
10191
10200
10201
10203
10204
10213
10214
10217
10232
10233
10238
10286
10288
10289
10299
10301
10322
10326
10353
10383
10383
10389
10397
10405
10420
10430
10437
10442
10442
10466
10476
10479
10482
10499
10533
10540
10563
10577
10628
10630
10635
10648
10663
10678
10680
10704
10719
10736
10763
10772
10777
10785
10786
10788
10788
10795
10797
10811
10816
10818
10827
10861
10862
10881
10896
10934
10941
10952
10962
10965
10973
10974
10982
10983
10987
10989
10989
10995
11005
11019
11028
11033
11045
11064
11072
11077
11083
11084
11085
11087
11090
11097
11098
11101
11118
11129
11131
11132
11137
11153
11177
11179
11180
11216
11266
11266
11269
11271
11276
11297
11301
11304
11305
11308
11314
11319
11326
11329
11345
11359
11364
11372
11375
11387
11388
11402
11406
11406
11432
11449
11464
11481
11484
11490
11503
11513
11552
11567
11574
11577
11578
11580
11587
11595
11601
11601
11607
11610
11616
11651
11655
11657
11660
11665
11667
11674
11684
11702
11706
11720
11740
11746
11768
11777
11785
11793
11835
11846
11885
11894
11914
11915
11916
11927
11940
11946
11950
11955
11976
11986
11990
12004
12013
12027
12034
12043
12058
12058
12062
12089
12092
12106
12123
12133
12148
12158
12159
12194
12197
12198
12200
12209
12211
12213
12215
12224
12234
12243
12285
12299
12304
12334
12342
12351
12354
12357
12377
12378
12382
12389
12391
12402
12437
12453
12456
12458
12465
12469
12475
12479
12481
12482
12491
12529
12549
12560
12564
12565
12598
12608
12630
12631
12632
12638
12639
12643
12645
12648
12658
12663
12679
12681
12682
12740
12754
12779
12788
12802
12802
12807
12824
12840
12842
12843
12851
12851
12862
12869
12887
12891
12899
12920
12921
12927
12940
12943
12950
12966
12972
12979
12981
12982
12988
12989
12991
12997
12997
13000
13014
13018
13030
13034
13038
13046
13053
13054
13068
13086
13099
13103
13110
13132
13132
13133
13141
13152
13165
13190
13212
13219
13228
13232
13239
13245
13280
13299
13302
13318
13320
13320
13322
13329
13330
13348
13361
13391
13402
13406
13413
13414
13417
13419
13423
13436
13437
13442
13442
13443
13448
13452
13458
13467
13470
13477
13479
13488
13490
13504
13518
13522
13524
13529
13531
13536
13555
13555
13575
13578
13582
13593
13623
13629
13638
13639
13646
13649
13660
13673
13698
13704
13708
13713
13716
13718
13736
13753
13759
13761
13763
13779
13788
13788
13801
13807
13845
13846
13880
13891
13899
13903
13903
13909
13916
13916
13925
13934
13934
13951
13963
13979
13980
13997
14002
14003
14009
14013
14022
14030
14032
14039
14055
14078
14086
14090
14090
14091
14095
14112
14112
14131
14137
14137
14141
14165
14172
14174
14225
14230
14234
14254
14258
14260
14264
14295
14307
14320
14335
14341
14355
14358
14360
14377
14404
14412
14415
14417
14418
14447
14462
14475
14481
14501
14511
14523
14534
14539
14546
14552
14566
14571
14571
14575
14609
14611
14612
14618
14622
14640
14650
14664
14679
14681
14722
14727
14728
14745
14751
14753
14759
14787
14795
14800
14817
14821
14842
14846
14861
14863
14880
14892
14907
14919
14922
14922
14932
14939
14959
14962
14992
14999
15009
15010
15037
15061
15071
15087
15108
15111
15116
15138
15141
15150
15155
15158
15162
15163
15191
15200
15202
15207
15208
15210
15212
15222
15230
15234
15244
15254
15255
15259
15271
15273
15297
15307
15314
15333
15338
15346
15346
15353
15379
15380
15380
15387
15391
15392
15394
15397
15398
15413
15415
15431
15439
15470
15487
15494
15494
15526
15612
15641
15646
15656
15666
15669
15674
15675
15678
15681
15695
15705
15724
15730
15744
15763
15767
15777
15777
15796
15797
15816
15838
15846
15883
15889
15891
15917
15929
15932
15933
15939
15958
15962
15979
15986
15987
15994
15995
15997
15998
16001
16008
16009
16012
16023
16049
16054
16068
16070
16096
16098
16100
16125
16137
16139
16152
16159
16159
16165
16176
16186
16194
16201
16203
16219
16231
16250
16260
16264
16297
16300
16315
16318
16329
16336
16342
16347
16351
16356
16366
16369
16383
16393
16411
16413
16420
16421
16426
16429
16437
16458
16472
16474
16476
16479
16490
16502
16545
16546
16548
16549
16558
16565
16585
16605
16634
16637
16645
16645
16680
16692
16694
16696
16704
16712
16712
16731
16732
16750
16751
16752
16828
16831
16831
16855
16870
16871
16884
16890
16892
16914
16918
16922
16926
16931
16934
16935
16944
16954
16959
16967
16968
16980
16985
16993
17002
17008
17040
17044
17059
17067
17071
17087
17101
17102
17103
17116
17120
17124
17128
17131
17139
17142
17150
17162
17169
17187
17191
17199
17202
17203
17225
17226
17229
17256
17257
17275
17291
17313
17316
17320
17345
17367
17417
17419
17426
17439
17441
17469
17483
17487
17493
17500
17502
17520
17522
17531
17565
17572
17582
17585
17590
17591
17601
17608
17609
17618
17626
17633
17655
17687
17708
17711
17730
17732
17744
17750
17753
17783
17783
17788
17789
17791
17792
17812
17831
17835
17841
17843
17857
17858
17871
17873
17878
17907
17907
17933
17943
17945
17950
17951
17965
17973
17973
17975
17982
18007
18011
18020
18028
18036
18043
18046
18047
18084
18108
18121
18123
18131
18131
18134
18153
18179
18186
18194
18218
18219
18228
18258
18266
18278
18292
18297
18299
18305
18315
18317
18327
18340
18342
18345
18348
18352
18366
18377
18386
18397
18398
18399
18402
18432
18435
18446
18457
18466
18467
18477
18479
18485
18488
18491
18493
18512
18536
18546
18577
18577
18606
18612
18629
18630
18668
18669
18670
18672
18677
18684
18699
18722
18726
18742
18756
18761
18766
18814
18822
18835
18853
18880
18895
18897
18900
18903
18908
18924
18929
18966
18974
18978
19025
19044
19064
19069
19083
19087
19095
19100
19103
19106
19109
19110
19145
19158
19160
19170
19176
19179
19195
19232
19242
19248
19322
19335
19356
19362
19390
19397
19413
19439
19457
19483
19487
19490
19492
19511
19514
19524
19528
19534
19572
19573
19584
19600
19600
19604
19608
19611
19625
19642
19642
19645
19656
19659
19667
19682
19685
19693
19694
19705
19725
19746
19748
19780
19785
19786
19792
19794
19802
19809
19813
19814
19829
19850
19859
19863
19876
19878
19882
19896
19916
19927
19928
19960
19979
19989
